SOL 103


CEND


SUBCASE 1

   METHOD = 1
   SPC = 2

BEGIN BULK

EIGRL    1                       5       0                       MASS
PSHELL   1       1      .2       1               1
$ Pset: "walls" will be imported as: "pshell.1"
CQUAD4   1172    1       1053    1075    1470    1469
CQUAD4   1173    1       1075    1097    1471    1470
CQUAD4   1174    1       1097    1119    1472    1471
CQUAD4   1175    1       1119    1141    1473    1472
CQUAD4   1176    1       1141    1163    1474    1473
CQUAD4   1177    1       1163    1185    1475    1474
CQUAD4   1178    1       1185    1207    1476    1475
CQUAD4   1179    1       1207    1229    1477    1476
CQUAD4   1180    1       1229    1251    1478    1477
CQUAD4   1181    1       1251    1273    1479    1478
CQUAD4   1182    1       1273    1295    1480    1479
CQUAD4   1183    1       1295    1317    1481    1480
CQUAD4   1184    1       1317    1339    1482    1481
CQUAD4   1185    1       1339    1361    1483    1482
CQUAD4   1186    1       1361    1383    1484    1483
CQUAD4   1187    1       1469    1470    1486    1485
CQUAD4   1188    1       1470    1471    1487    1486
CQUAD4   1189    1       1471    1472    1488    1487
CQUAD4   1190    1       1472    1473    1489    1488
CQUAD4   1191    1       1473    1474    1490    1489
CQUAD4   1192    1       1474    1475    1491    1490
CQUAD4   1193    1       1475    1476    1492    1491
CQUAD4   1194    1       1476    1477    1493    1492
CQUAD4   1195    1       1477    1478    1494    1493
CQUAD4   1196    1       1478    1479    1495    1494
CQUAD4   1197    1       1479    1480    1496    1495
CQUAD4   1198    1       1480    1481    1497    1496
CQUAD4   1199    1       1481    1482    1498    1497
CQUAD4   1200    1       1482    1483    1499    1498
CQUAD4   1201    1       1483    1484    1500    1499
CQUAD4   1202    1       1038    1060    1518    1517
CQUAD4   1203    1       1060    1082    1519    1518
CQUAD4   1204    1       1082    1104    1520    1519
CQUAD4   1205    1       1104    1126    1521    1520
CQUAD4   1206    1       1126    1148    1522    1521
CQUAD4   1207    1       1148    1170    1523    1522
CQUAD4   1208    1       1170    1192    1524    1523
CQUAD4   1209    1       1192    1214    1525    1524
CQUAD4   1210    1       1214    1236    1526    1525
CQUAD4   1211    1       1236    1258    1527    1526
CQUAD4   1212    1       1258    1280    1528    1527
CQUAD4   1213    1       1280    1302    1529    1528
CQUAD4   1214    1       1302    1324    1530    1529
CQUAD4   1215    1       1324    1346    1531    1530
CQUAD4   1216    1       1346    1368    1532    1531
CQUAD4   1217    1       1517    1518    1534    1533
CQUAD4   1218    1       1518    1519    1535    1534
CQUAD4   1219    1       1519    1520    1536    1535
CQUAD4   1220    1       1520    1521    1537    1536
CQUAD4   1221    1       1521    1522    1538    1537
CQUAD4   1222    1       1522    1523    1539    1538
CQUAD4   1223    1       1523    1524    1540    1539
CQUAD4   1224    1       1524    1525    1541    1540
CQUAD4   1225    1       1525    1526    1542    1541
CQUAD4   1226    1       1526    1527    1543    1542
CQUAD4   1227    1       1527    1528    1544    1543
CQUAD4   1228    1       1528    1529    1545    1544
CQUAD4   1229    1       1529    1530    1546    1545
CQUAD4   1230    1       1530    1531    1547    1546
CQUAD4   1231    1       1531    1532    1548    1547
CQUAD4   1232    1       1368    1532    1553    1369
CQUAD4   1233    1       1532    1548    1554    1553
CQUAD4   1234    1       1369    1553    1556    1370
CQUAD4   1235    1       1553    1554    1557    1556
CQUAD4   1236    1       1370    1556    1559    1371
CQUAD4   1237    1       1556    1557    1560    1559
CQUAD4   1238    1       1371    1559    1562    1372
CQUAD4   1239    1       1559    1560    1563    1562
CQUAD4   1240    1       1372    1562    1565    1373
CQUAD4   1241    1       1562    1563    1566    1565
CQUAD4   1242    1       1373    1565    1568    1374
CQUAD4   1243    1       1565    1566    1569    1568
CQUAD4   1244    1       1374    1568    1571    1375
CQUAD4   1245    1       1568    1569    1572    1571
CQUAD4   1246    1       1375    1571    1574    1376
CQUAD4   1247    1       1571    1572    1575    1574
CQUAD4   1248    1       1376    1574    1577    1377
CQUAD4   1249    1       1574    1575    1578    1577
CQUAD4   1250    1       1377    1577    1580    1378
CQUAD4   1251    1       1577    1578    1581    1580
CQUAD4   1252    1       1378    1580    1583    1379
CQUAD4   1253    1       1580    1581    1584    1583
CQUAD4   1254    1       1379    1583    1586    1380
CQUAD4   1255    1       1583    1584    1587    1586
CQUAD4   1256    1       1380    1586    1589    1381
CQUAD4   1257    1       1586    1587    1590    1589
CQUAD4   1258    1       1381    1589    1592    1382
CQUAD4   1259    1       1589    1590    1593    1592
CQUAD4   1260    1       1382    1592    1484    1383
CQUAD4   1261    1       1592    1593    1500    1484
CQUAD4   1262    1       1038    1517    1601    1039
CQUAD4   1263    1       1517    1533    1602    1601
CQUAD4   1264    1       1039    1601    1604    1040
CQUAD4   1265    1       1601    1602    1605    1604
CQUAD4   1266    1       1040    1604    1607    1041
CQUAD4   1267    1       1604    1605    1608    1607
CQUAD4   1268    1       1041    1607    1610    1042
CQUAD4   1269    1       1607    1608    1611    1610
CQUAD4   1270    1       1042    1610    1613    1043
CQUAD4   1271    1       1610    1611    1614    1613
CQUAD4   1272    1       1043    1613    1616    1044
CQUAD4   1273    1       1613    1614    1617    1616
CQUAD4   1274    1       1044    1616    1619    1045
CQUAD4   1275    1       1616    1617    1620    1619
CQUAD4   1276    1       1045    1619    1622    1046
CQUAD4   1277    1       1619    1620    1623    1622
CQUAD4   1278    1       1046    1622    1625    1047
CQUAD4   1279    1       1622    1623    1626    1625
CQUAD4   1280    1       1047    1625    1628    1048
CQUAD4   1281    1       1625    1626    1629    1628
CQUAD4   1282    1       1048    1628    1631    1049
CQUAD4   1283    1       1628    1629    1632    1631
CQUAD4   1284    1       1049    1631    1634    1050
CQUAD4   1285    1       1631    1632    1635    1634
CQUAD4   1286    1       1050    1634    1637    1051
CQUAD4   1287    1       1634    1635    1638    1637
CQUAD4   1288    1       1051    1637    1640    1052
CQUAD4   1289    1       1637    1638    1641    1640
CQUAD4   1290    1       1052    1640    1469    1053
CQUAD4   1291    1       1640    1641    1485    1469
CQUAD4   1316    1       1197    1688    1695    1694
CQUAD4   1317    1       1688    1219    1659    1695
CQUAD4   1318    1       1219    1690    1697    1659
CQUAD4   1319    1       1690    1241    1698    1697
CQUAD4   1320    1       1241    1692    1699    1698
CQUAD4   1321    1       1692    1263    1700    1699
CQUAD4   1322    1       1694    1695    1702    1701
CQUAD4   1323    1       1695    1659    1703    1702
CQUAD4   1324    1       1659    1697    1704    1703
CQUAD4   1325    1       1697    1698    1642    1704
CQUAD4   1326    1       1698    1699    1647    1642
CQUAD4   1327    1       1699    1700    1652    1647
CQUAD4   1328    1       1701    1702    1709    1708
CQUAD4   1329    1       1702    1703    1710    1709
CQUAD4   1330    1       1703    1704    1711    1710
CQUAD4   1331    1       1704    1642    1712    1711
CQUAD4   1332    1       1642    1647    1713    1712
CQUAD4   1333    1       1647    1652    1714    1713
CQUAD4   1334    1       1708    1709    1716    1715
CQUAD4   1335    1       1709    1710    1717    1716
CQUAD4   1336    1       1710    1711    1718    1717
CQUAD4   1337    1       1711    1712    1719    1718
CQUAD4   1338    1       1712    1713    1720    1719
CQUAD4   1339    1       1713    1714    1721    1720
CQUAD4   1340    1       1686    1723    1730    1729
CQUAD4   1341    1       1723    1724    1684    1730
CQUAD4   1342    1       1724    1725    1732    1684
CQUAD4   1343    1       1725    1726    1733    1732
CQUAD4   1344    1       1726    1727    1734    1733
CQUAD4   1345    1       1727    1728    1735    1734
CQUAD4   1346    1       1729    1730    1737    1736
CQUAD4   1347    1       1730    1684    1738    1737
CQUAD4   1348    1       1684    1732    1739    1738
CQUAD4   1349    1       1732    1733    1646    1739
CQUAD4   1350    1       1733    1734    1651    1646
CQUAD4   1351    1       1734    1735    1656    1651
CQUAD4   1352    1       1736    1737    1744    1743
CQUAD4   1353    1       1737    1738    1745    1744
CQUAD4   1354    1       1738    1739    1746    1745
CQUAD4   1355    1       1739    1646    1747    1746
CQUAD4   1356    1       1646    1651    1748    1747
CQUAD4   1357    1       1651    1656    1749    1748
CQUAD4   1358    1       1743    1744    1751    1199
CQUAD4   1359    1       1744    1745    1221    1751
CQUAD4   1360    1       1745    1746    1753    1221
CQUAD4   1361    1       1746    1747    1243    1753
CQUAD4   1362    1       1747    1748    1755    1243
CQUAD4   1363    1       1748    1749    1265    1755
CQUAD4   1364    1       1224    1758    1763    1762
CQUAD4   1365    1       1758    1246    1764    1763
CQUAD4   1366    1       1246    1760    1765    1764
CQUAD4   1367    1       1760    1268    1766    1765
CQUAD4   1368    1       1762    1763    1768    1767
CQUAD4   1369    1       1763    1764    1769    1768
CQUAD4   1370    1       1764    1765    1770    1769
CQUAD4   1371    1       1765    1766    1771    1770
CQUAD4   1372    1       1767    1768    1773    1772
CQUAD4   1373    1       1768    1769    1774    1773
CQUAD4   1374    1       1769    1770    1775    1774
CQUAD4   1375    1       1770    1771    1776    1775
CQUAD4   1376    1       1772    1773    1778    1777
CQUAD4   1377    1       1773    1774    1779    1778
CQUAD4   1378    1       1774    1775    1780    1779
CQUAD4   1379    1       1775    1776    1781    1780
CQUAD4   1380    1       1268    1766    1788    1787
CQUAD4   1381    1       1766    1771    1789    1788
CQUAD4   1382    1       1771    1776    1790    1789
CQUAD4   1383    1       1776    1781    1791    1790
CQUAD4   1384    1       1787    1788    1793    1267
CQUAD4   1385    1       1788    1789    1794    1793
CQUAD4   1386    1       1789    1790    1795    1794
CQUAD4   1387    1       1790    1791    1796    1795
CQUAD4   1388    1       1267    1793    1798    1797
CQUAD4   1389    1       1793    1794    1799    1798
CQUAD4   1390    1       1794    1795    1800    1799
CQUAD4   1391    1       1795    1796    1801    1800
CQUAD4   1392    1       1797    1798    1803    1266
CQUAD4   1393    1       1798    1799    1804    1803
CQUAD4   1394    1       1799    1800    1805    1804
CQUAD4   1395    1       1800    1801    1806    1805
CQUAD4   1396    1       1266    1803    1808    1807
CQUAD4   1397    1       1803    1804    1809    1808
CQUAD4   1398    1       1804    1805    1810    1809
CQUAD4   1399    1       1805    1806    1811    1810
CQUAD4   1400    1       1807    1808    1749    1265
CQUAD4   1401    1       1808    1809    1656    1749
CQUAD4   1402    1       1809    1810    1735    1656
CQUAD4   1403    1       1810    1811    1728    1735
CQUAD4   1404    1       1265    1749    1818    1817
CQUAD4   1405    1       1749    1656    1655    1818
CQUAD4   1406    1       1656    1735    1820    1655
CQUAD4   1407    1       1735    1728    1821    1820
CQUAD4   1408    1       1817    1818    1823    1264
CQUAD4   1409    1       1818    1655    1654    1823
CQUAD4   1410    1       1655    1820    1825    1654
CQUAD4   1411    1       1820    1821    1826    1825
CQUAD4   1412    1       1264    1823    1828    1827
CQUAD4   1413    1       1823    1654    1653    1828
CQUAD4   1414    1       1654    1825    1830    1653
CQUAD4   1415    1       1825    1826    1831    1830
CQUAD4   1416    1       1827    1828    1700    1263
CQUAD4   1417    1       1828    1653    1652    1700
CQUAD4   1418    1       1653    1830    1714    1652
CQUAD4   1419    1       1830    1831    1721    1714
CQUAD4   1444    1       1715    1716    1890    1889
CQUAD4   1445    1       1716    1717    1854    1890
CQUAD4   1446    1       1717    1718    1892    1854
CQUAD4   1447    1       1718    1719    1893    1892
CQUAD4   1448    1       1719    1720    1894    1893
CQUAD4   1449    1       1720    1721    1895    1894
CQUAD4   1450    1       1889    1890    1897    1896
CQUAD4   1451    1       1890    1854    1898    1897
CQUAD4   1452    1       1854    1892    1899    1898
CQUAD4   1453    1       1892    1893    1837    1899
CQUAD4   1454    1       1893    1894    1842    1837
CQUAD4   1455    1       1894    1895    1847    1842
CQUAD4   1456    1       1896    1897    1904    1903
CQUAD4   1457    1       1897    1898    1905    1904
CQUAD4   1458    1       1898    1899    1906    1905
CQUAD4   1459    1       1899    1837    1907    1906
CQUAD4   1460    1       1837    1842    1908    1907
CQUAD4   1461    1       1842    1847    1909    1908
CQUAD4   1462    1       1903    1904    1911    1910
CQUAD4   1463    1       1904    1905    1912    1911
CQUAD4   1464    1       1905    1906    1913    1912
CQUAD4   1465    1       1906    1907    1914    1913
CQUAD4   1466    1       1907    1908    1915    1914
CQUAD4   1467    1       1908    1909    1916    1915
CQUAD4   1468    1       1881    1918    1925    1924
CQUAD4   1469    1       1918    1919    1879    1925
CQUAD4   1470    1       1919    1920    1927    1879
CQUAD4   1471    1       1920    1921    1928    1927
CQUAD4   1472    1       1921    1922    1929    1928
CQUAD4   1473    1       1922    1923    1930    1929
CQUAD4   1474    1       1924    1925    1932    1931
CQUAD4   1475    1       1925    1879    1933    1932
CQUAD4   1476    1       1879    1927    1934    1933
CQUAD4   1477    1       1927    1928    1841    1934
CQUAD4   1478    1       1928    1929    1846    1841
CQUAD4   1479    1       1929    1930    1851    1846
CQUAD4   1480    1       1931    1932    1939    1938
CQUAD4   1481    1       1932    1933    1940    1939
CQUAD4   1482    1       1933    1934    1941    1940
CQUAD4   1483    1       1934    1841    1942    1941
CQUAD4   1484    1       1841    1846    1943    1942
CQUAD4   1485    1       1846    1851    1944    1943
CQUAD4   1486    1       1938    1939    1723    1686
CQUAD4   1487    1       1939    1940    1724    1723
CQUAD4   1488    1       1940    1941    1725    1724
CQUAD4   1489    1       1941    1942    1726    1725
CQUAD4   1490    1       1942    1943    1727    1726
CQUAD4   1491    1       1943    1944    1728    1727
CQUAD4   1492    1       1777    1778    1958    1957
CQUAD4   1493    1       1778    1779    1959    1958
CQUAD4   1494    1       1779    1780    1960    1959
CQUAD4   1495    1       1780    1781    1961    1960
CQUAD4   1496    1       1957    1958    1963    1962
CQUAD4   1497    1       1958    1959    1964    1963
CQUAD4   1498    1       1959    1960    1965    1964
CQUAD4   1499    1       1960    1961    1966    1965
CQUAD4   1500    1       1962    1963    1968    1967
CQUAD4   1501    1       1963    1964    1969    1968
CQUAD4   1502    1       1964    1965    1970    1969
CQUAD4   1503    1       1965    1966    1971    1970
CQUAD4   1504    1       1967    1968    1973    1972
CQUAD4   1505    1       1968    1969    1974    1973
CQUAD4   1506    1       1969    1970    1975    1974
CQUAD4   1507    1       1970    1971    1976    1975
CQUAD4   1508    1       1781    1961    1983    1791
CQUAD4   1509    1       1961    1966    1984    1983
CQUAD4   1510    1       1966    1971    1985    1984
CQUAD4   1511    1       1971    1976    1986    1985
CQUAD4   1512    1       1791    1983    1988    1796
CQUAD4   1513    1       1983    1984    1989    1988
CQUAD4   1514    1       1984    1985    1990    1989
CQUAD4   1515    1       1985    1986    1991    1990
CQUAD4   1516    1       1796    1988    1993    1801
CQUAD4   1517    1       1988    1989    1994    1993
CQUAD4   1518    1       1989    1990    1995    1994
CQUAD4   1519    1       1990    1991    1996    1995
CQUAD4   1520    1       1801    1993    1998    1806
CQUAD4   1521    1       1993    1994    1999    1998
CQUAD4   1522    1       1994    1995    2000    1999
CQUAD4   1523    1       1995    1996    2001    2000
CQUAD4   1524    1       1806    1998    2003    1811
CQUAD4   1525    1       1998    1999    2004    2003
CQUAD4   1526    1       1999    2000    2005    2004
CQUAD4   1527    1       2000    2001    2006    2005
CQUAD4   1528    1       1811    2003    1944    1728
CQUAD4   1529    1       2003    2004    1851    1944
CQUAD4   1530    1       2004    2005    1930    1851
CQUAD4   1531    1       2005    2006    1923    1930
CQUAD4   1532    1       1728    1944    2013    1821
CQUAD4   1533    1       1944    1851    1850    2013
CQUAD4   1534    1       1851    1930    2015    1850
CQUAD4   1535    1       1930    1923    2016    2015
CQUAD4   1536    1       1821    2013    2018    1826
CQUAD4   1537    1       2013    1850    1849    2018
CQUAD4   1538    1       1850    2015    2020    1849
CQUAD4   1539    1       2015    2016    2021    2020
CQUAD4   1540    1       1826    2018    2023    1831
CQUAD4   1541    1       2018    1849    1848    2023
CQUAD4   1542    1       1849    2020    2025    1848
CQUAD4   1543    1       2020    2021    2026    2025
CQUAD4   1544    1       1831    2023    1895    1721
CQUAD4   1545    1       2023    1848    1847    1895
CQUAD4   1546    1       1848    2025    1909    1847
CQUAD4   1547    1       2025    2026    1916    1909
CQUAD4   1572    1       1910    1911    2085    2084
CQUAD4   1573    1       1911    1912    2049    2085
CQUAD4   1574    1       1912    1913    2087    2049
CQUAD4   1575    1       1913    1914    2088    2087
CQUAD4   1576    1       1914    1915    2089    2088
CQUAD4   1577    1       1915    1916    2090    2089
CQUAD4   1578    1       2084    2085    2092    2091
CQUAD4   1579    1       2085    2049    2093    2092
CQUAD4   1580    1       2049    2087    2094    2093
CQUAD4   1581    1       2087    2088    2032    2094
CQUAD4   1582    1       2088    2089    2037    2032
CQUAD4   1583    1       2089    2090    2042    2037
CQUAD4   1584    1       2091    2092    2099    2098
CQUAD4   1585    1       2092    2093    2100    2099
CQUAD4   1586    1       2093    2094    2101    2100
CQUAD4   1587    1       2094    2032    2102    2101
CQUAD4   1588    1       2032    2037    2103    2102
CQUAD4   1589    1       2037    2042    2104    2103
CQUAD4   1590    1       2098    2099    2106    2105
CQUAD4   1591    1       2099    2100    2107    2106
CQUAD4   1592    1       2100    2101    2108    2107
CQUAD4   1593    1       2101    2102    2109    2108
CQUAD4   1594    1       2102    2103    2110    2109
CQUAD4   1595    1       2103    2104    2111    2110
CQUAD4   1596    1       2076    2113    2120    2119
CQUAD4   1597    1       2113    2114    2074    2120
CQUAD4   1598    1       2114    2115    2122    2074
CQUAD4   1599    1       2115    2116    2123    2122
CQUAD4   1600    1       2116    2117    2124    2123
CQUAD4   1601    1       2117    2118    2125    2124
CQUAD4   1602    1       2119    2120    2127    2126
CQUAD4   1603    1       2120    2074    2128    2127
CQUAD4   1604    1       2074    2122    2129    2128
CQUAD4   1605    1       2122    2123    2036    2129
CQUAD4   1606    1       2123    2124    2041    2036
CQUAD4   1607    1       2124    2125    2046    2041
CQUAD4   1608    1       2126    2127    2134    2133
CQUAD4   1609    1       2127    2128    2135    2134
CQUAD4   1610    1       2128    2129    2136    2135
CQUAD4   1611    1       2129    2036    2137    2136
CQUAD4   1612    1       2036    2041    2138    2137
CQUAD4   1613    1       2041    2046    2139    2138
CQUAD4   1614    1       2133    2134    1918    1881
CQUAD4   1615    1       2134    2135    1919    1918
CQUAD4   1616    1       2135    2136    1920    1919
CQUAD4   1617    1       2136    2137    1921    1920
CQUAD4   1618    1       2137    2138    1922    1921
CQUAD4   1619    1       2138    2139    1923    1922
CQUAD4   1620    1       1972    1973    2153    2152
CQUAD4   1621    1       1973    1974    2154    2153
CQUAD4   1622    1       1974    1975    2155    2154
CQUAD4   1623    1       1975    1976    2156    2155
CQUAD4   1624    1       2152    2153    2158    2157
CQUAD4   1625    1       2153    2154    2159    2158
CQUAD4   1626    1       2154    2155    2160    2159
CQUAD4   1627    1       2155    2156    2161    2160
CQUAD4   1628    1       2157    2158    2163    2162
CQUAD4   1629    1       2158    2159    2164    2163
CQUAD4   1630    1       2159    2160    2165    2164
CQUAD4   1631    1       2160    2161    2166    2165
CQUAD4   1632    1       2162    2163    2168    2167
CQUAD4   1633    1       2163    2164    2169    2168
CQUAD4   1634    1       2164    2165    2170    2169
CQUAD4   1635    1       2165    2166    2171    2170
CQUAD4   1636    1       1976    2156    2178    1986
CQUAD4   1637    1       2156    2161    2179    2178
CQUAD4   1638    1       2161    2166    2180    2179
CQUAD4   1639    1       2166    2171    2181    2180
CQUAD4   1640    1       1986    2178    2183    1991
CQUAD4   1641    1       2178    2179    2184    2183
CQUAD4   1642    1       2179    2180    2185    2184
CQUAD4   1643    1       2180    2181    2186    2185
CQUAD4   1644    1       1991    2183    2188    1996
CQUAD4   1645    1       2183    2184    2189    2188
CQUAD4   1646    1       2184    2185    2190    2189
CQUAD4   1647    1       2185    2186    2191    2190
CQUAD4   1648    1       1996    2188    2193    2001
CQUAD4   1649    1       2188    2189    2194    2193
CQUAD4   1650    1       2189    2190    2195    2194
CQUAD4   1651    1       2190    2191    2196    2195
CQUAD4   1652    1       2001    2193    2198    2006
CQUAD4   1653    1       2193    2194    2199    2198
CQUAD4   1654    1       2194    2195    2200    2199
CQUAD4   1655    1       2195    2196    2201    2200
CQUAD4   1656    1       2006    2198    2139    1923
CQUAD4   1657    1       2198    2199    2046    2139
CQUAD4   1658    1       2199    2200    2125    2046
CQUAD4   1659    1       2200    2201    2118    2125
CQUAD4   1660    1       1923    2139    2208    2016
CQUAD4   1661    1       2139    2046    2045    2208
CQUAD4   1662    1       2046    2125    2210    2045
CQUAD4   1663    1       2125    2118    2211    2210
CQUAD4   1664    1       2016    2208    2213    2021
CQUAD4   1665    1       2208    2045    2044    2213
CQUAD4   1666    1       2045    2210    2215    2044
CQUAD4   1667    1       2210    2211    2216    2215
CQUAD4   1668    1       2021    2213    2218    2026
CQUAD4   1669    1       2213    2044    2043    2218
CQUAD4   1670    1       2044    2215    2220    2043
CQUAD4   1671    1       2215    2216    2221    2220
CQUAD4   1672    1       2026    2218    2090    1916
CQUAD4   1673    1       2218    2043    2042    2090
CQUAD4   1674    1       2043    2220    2104    2042
CQUAD4   1675    1       2220    2221    2111    2104
CQUAD4   1700    1       2105    2106    2280    2279
CQUAD4   1701    1       2106    2107    2244    2280
CQUAD4   1702    1       2107    2108    2282    2244
CQUAD4   1703    1       2108    2109    2283    2282
CQUAD4   1704    1       2109    2110    2284    2283
CQUAD4   1705    1       2110    2111    2285    2284
CQUAD4   1706    1       2279    2280    2287    2286
CQUAD4   1707    1       2280    2244    2288    2287
CQUAD4   1708    1       2244    2282    2289    2288
CQUAD4   1709    1       2282    2283    2227    2289
CQUAD4   1710    1       2283    2284    2232    2227
CQUAD4   1711    1       2284    2285    2237    2232
CQUAD4   1712    1       2286    2287    2294    2293
CQUAD4   1713    1       2287    2288    2295    2294
CQUAD4   1714    1       2288    2289    2296    2295
CQUAD4   1715    1       2289    2227    2297    2296
CQUAD4   1716    1       2227    2232    2298    2297
CQUAD4   1717    1       2232    2237    2299    2298
CQUAD4   1718    1       2293    2294    2301    2300
CQUAD4   1719    1       2294    2295    2302    2301
CQUAD4   1720    1       2295    2296    2303    2302
CQUAD4   1721    1       2296    2297    2304    2303
CQUAD4   1722    1       2297    2298    2305    2304
CQUAD4   1723    1       2298    2299    2306    2305
CQUAD4   1724    1       2271    2308    2315    2314
CQUAD4   1725    1       2308    2309    2269    2315
CQUAD4   1726    1       2309    2310    2317    2269
CQUAD4   1727    1       2310    2311    2318    2317
CQUAD4   1728    1       2311    2312    2319    2318
CQUAD4   1729    1       2312    2313    2320    2319
CQUAD4   1730    1       2314    2315    2322    2321
CQUAD4   1731    1       2315    2269    2323    2322
CQUAD4   1732    1       2269    2317    2324    2323
CQUAD4   1733    1       2317    2318    2231    2324
CQUAD4   1734    1       2318    2319    2236    2231
CQUAD4   1735    1       2319    2320    2241    2236
CQUAD4   1736    1       2321    2322    2329    2328
CQUAD4   1737    1       2322    2323    2330    2329
CQUAD4   1738    1       2323    2324    2331    2330
CQUAD4   1739    1       2324    2231    2332    2331
CQUAD4   1740    1       2231    2236    2333    2332
CQUAD4   1741    1       2236    2241    2334    2333
CQUAD4   1742    1       2328    2329    2113    2076
CQUAD4   1743    1       2329    2330    2114    2113
CQUAD4   1744    1       2330    2331    2115    2114
CQUAD4   1745    1       2331    2332    2116    2115
CQUAD4   1746    1       2332    2333    2117    2116
CQUAD4   1747    1       2333    2334    2118    2117
CQUAD4   1748    1       2167    2168    2348    2347
CQUAD4   1749    1       2168    2169    2349    2348
CQUAD4   1750    1       2169    2170    2350    2349
CQUAD4   1751    1       2170    2171    2351    2350
CQUAD4   1752    1       2347    2348    2353    2352
CQUAD4   1753    1       2348    2349    2354    2353
CQUAD4   1754    1       2349    2350    2355    2354
CQUAD4   1755    1       2350    2351    2356    2355
CQUAD4   1756    1       2352    2353    2358    2357
CQUAD4   1757    1       2353    2354    2359    2358
CQUAD4   1758    1       2354    2355    2360    2359
CQUAD4   1759    1       2355    2356    2361    2360
CQUAD4   1760    1       2357    2358    2363    2362
CQUAD4   1761    1       2358    2359    2364    2363
CQUAD4   1762    1       2359    2360    2365    2364
CQUAD4   1763    1       2360    2361    2366    2365
CQUAD4   1764    1       2171    2351    2373    2181
CQUAD4   1765    1       2351    2356    2374    2373
CQUAD4   1766    1       2356    2361    2375    2374
CQUAD4   1767    1       2361    2366    2376    2375
CQUAD4   1768    1       2181    2373    2378    2186
CQUAD4   1769    1       2373    2374    2379    2378
CQUAD4   1770    1       2374    2375    2380    2379
CQUAD4   1771    1       2375    2376    2381    2380
CQUAD4   1772    1       2186    2378    2383    2191
CQUAD4   1773    1       2378    2379    2384    2383
CQUAD4   1774    1       2379    2380    2385    2384
CQUAD4   1775    1       2380    2381    2386    2385
CQUAD4   1776    1       2191    2383    2388    2196
CQUAD4   1777    1       2383    2384    2389    2388
CQUAD4   1778    1       2384    2385    2390    2389
CQUAD4   1779    1       2385    2386    2391    2390
CQUAD4   1780    1       2196    2388    2393    2201
CQUAD4   1781    1       2388    2389    2394    2393
CQUAD4   1782    1       2389    2390    2395    2394
CQUAD4   1783    1       2390    2391    2396    2395
CQUAD4   1784    1       2201    2393    2334    2118
CQUAD4   1785    1       2393    2394    2241    2334
CQUAD4   1786    1       2394    2395    2320    2241
CQUAD4   1787    1       2395    2396    2313    2320
CQUAD4   1788    1       2118    2334    2403    2211
CQUAD4   1789    1       2334    2241    2240    2403
CQUAD4   1790    1       2241    2320    2405    2240
CQUAD4   1791    1       2320    2313    2406    2405
CQUAD4   1792    1       2211    2403    2408    2216
CQUAD4   1793    1       2403    2240    2239    2408
CQUAD4   1794    1       2240    2405    2410    2239
CQUAD4   1795    1       2405    2406    2411    2410
CQUAD4   1796    1       2216    2408    2413    2221
CQUAD4   1797    1       2408    2239    2238    2413
CQUAD4   1798    1       2239    2410    2415    2238
CQUAD4   1799    1       2410    2411    2416    2415
CQUAD4   1800    1       2221    2413    2285    2111
CQUAD4   1801    1       2413    2238    2237    2285
CQUAD4   1802    1       2238    2415    2299    2237
CQUAD4   1803    1       2415    2416    2306    2299
CQUAD4   1828    1       2300    2301    2475    2474
CQUAD4   1829    1       2301    2302    2439    2475
CQUAD4   1830    1       2302    2303    2477    2439
CQUAD4   1831    1       2303    2304    2478    2477
CQUAD4   1832    1       2304    2305    2479    2478
CQUAD4   1833    1       2305    2306    2480    2479
CQUAD4   1834    1       2474    2475    2482    2481
CQUAD4   1835    1       2475    2439    2483    2482
CQUAD4   1836    1       2439    2477    2484    2483
CQUAD4   1837    1       2477    2478    2422    2484
CQUAD4   1838    1       2478    2479    2427    2422
CQUAD4   1839    1       2479    2480    2432    2427
CQUAD4   1840    1       2481    2482    2489    2488
CQUAD4   1841    1       2482    2483    2490    2489
CQUAD4   1842    1       2483    2484    2491    2490
CQUAD4   1843    1       2484    2422    2492    2491
CQUAD4   1844    1       2422    2427    2493    2492
CQUAD4   1845    1       2427    2432    2494    2493
CQUAD4   1846    1       2488    2489    2496    2495
CQUAD4   1847    1       2489    2490    2497    2496
CQUAD4   1848    1       2490    2491    2498    2497
CQUAD4   1849    1       2491    2492    2499    2498
CQUAD4   1850    1       2492    2493    2500    2499
CQUAD4   1851    1       2493    2494    2501    2500
CQUAD4   1852    1       2466    2503    2510    2509
CQUAD4   1853    1       2503    2504    2464    2510
CQUAD4   1854    1       2504    2505    2512    2464
CQUAD4   1855    1       2505    2506    2513    2512
CQUAD4   1856    1       2506    2507    2514    2513
CQUAD4   1857    1       2507    2508    2515    2514
CQUAD4   1858    1       2509    2510    2517    2516
CQUAD4   1859    1       2510    2464    2518    2517
CQUAD4   1860    1       2464    2512    2519    2518
CQUAD4   1861    1       2512    2513    2426    2519
CQUAD4   1862    1       2513    2514    2431    2426
CQUAD4   1863    1       2514    2515    2436    2431
CQUAD4   1864    1       2516    2517    2524    2523
CQUAD4   1865    1       2517    2518    2525    2524
CQUAD4   1866    1       2518    2519    2526    2525
CQUAD4   1867    1       2519    2426    2527    2526
CQUAD4   1868    1       2426    2431    2528    2527
CQUAD4   1869    1       2431    2436    2529    2528
CQUAD4   1870    1       2523    2524    2308    2271
CQUAD4   1871    1       2524    2525    2309    2308
CQUAD4   1872    1       2525    2526    2310    2309
CQUAD4   1873    1       2526    2527    2311    2310
CQUAD4   1874    1       2527    2528    2312    2311
CQUAD4   1875    1       2528    2529    2313    2312
CQUAD4   1876    1       2362    2363    2543    2542
CQUAD4   1877    1       2363    2364    2544    2543
CQUAD4   1878    1       2364    2365    2545    2544
CQUAD4   1879    1       2365    2366    2546    2545
CQUAD4   1880    1       2542    2543    2548    2547
CQUAD4   1881    1       2543    2544    2549    2548
CQUAD4   1882    1       2544    2545    2550    2549
CQUAD4   1883    1       2545    2546    2551    2550
CQUAD4   1884    1       2547    2548    2553    2552
CQUAD4   1885    1       2548    2549    2554    2553
CQUAD4   1886    1       2549    2550    2555    2554
CQUAD4   1887    1       2550    2551    2556    2555
CQUAD4   1888    1       2552    2553    2558    2557
CQUAD4   1889    1       2553    2554    2559    2558
CQUAD4   1890    1       2554    2555    2560    2559
CQUAD4   1891    1       2555    2556    2561    2560
CQUAD4   1892    1       2366    2546    2568    2376
CQUAD4   1893    1       2546    2551    2569    2568
CQUAD4   1894    1       2551    2556    2570    2569
CQUAD4   1895    1       2556    2561    2571    2570
CQUAD4   1896    1       2376    2568    2573    2381
CQUAD4   1897    1       2568    2569    2574    2573
CQUAD4   1898    1       2569    2570    2575    2574
CQUAD4   1899    1       2570    2571    2576    2575
CQUAD4   1900    1       2381    2573    2578    2386
CQUAD4   1901    1       2573    2574    2579    2578
CQUAD4   1902    1       2574    2575    2580    2579
CQUAD4   1903    1       2575    2576    2581    2580
CQUAD4   1904    1       2386    2578    2583    2391
CQUAD4   1905    1       2578    2579    2584    2583
CQUAD4   1906    1       2579    2580    2585    2584
CQUAD4   1907    1       2580    2581    2586    2585
CQUAD4   1908    1       2391    2583    2588    2396
CQUAD4   1909    1       2583    2584    2589    2588
CQUAD4   1910    1       2584    2585    2590    2589
CQUAD4   1911    1       2585    2586    2591    2590
CQUAD4   1912    1       2396    2588    2529    2313
CQUAD4   1913    1       2588    2589    2436    2529
CQUAD4   1914    1       2589    2590    2515    2436
CQUAD4   1915    1       2590    2591    2508    2515
CQUAD4   1916    1       2313    2529    2598    2406
CQUAD4   1917    1       2529    2436    2435    2598
CQUAD4   1918    1       2436    2515    2600    2435
CQUAD4   1919    1       2515    2508    2601    2600
CQUAD4   1920    1       2406    2598    2603    2411
CQUAD4   1921    1       2598    2435    2434    2603
CQUAD4   1922    1       2435    2600    2605    2434
CQUAD4   1923    1       2600    2601    2606    2605
CQUAD4   1924    1       2411    2603    2608    2416
CQUAD4   1925    1       2603    2434    2433    2608
CQUAD4   1926    1       2434    2605    2610    2433
CQUAD4   1927    1       2605    2606    2611    2610
CQUAD4   1928    1       2416    2608    2480    2306
CQUAD4   1929    1       2608    2433    2432    2480
CQUAD4   1930    1       2433    2610    2494    2432
CQUAD4   1931    1       2610    2611    2501    2494
CQUAD4   1956    1       2495    2496    2670    2669
CQUAD4   1957    1       2496    2497    2634    2670
CQUAD4   1958    1       2497    2498    2672    2634
CQUAD4   1959    1       2498    2499    2673    2672
CQUAD4   1960    1       2499    2500    2674    2673
CQUAD4   1961    1       2500    2501    2675    2674
CQUAD4   1962    1       2669    2670    2677    2676
CQUAD4   1963    1       2670    2634    2678    2677
CQUAD4   1964    1       2634    2672    2679    2678
CQUAD4   1965    1       2672    2673    2617    2679
CQUAD4   1966    1       2673    2674    2622    2617
CQUAD4   1967    1       2674    2675    2627    2622
CQUAD4   1968    1       2676    2677    2684    2683
CQUAD4   1969    1       2677    2678    2685    2684
CQUAD4   1970    1       2678    2679    2686    2685
CQUAD4   1971    1       2679    2617    2687    2686
CQUAD4   1972    1       2617    2622    2688    2687
CQUAD4   1973    1       2622    2627    2689    2688
CQUAD4   1974    1       2683    2684    2691    2690
CQUAD4   1975    1       2684    2685    2692    2691
CQUAD4   1976    1       2685    2686    2693    2692
CQUAD4   1977    1       2686    2687    2694    2693
CQUAD4   1978    1       2687    2688    2695    2694
CQUAD4   1979    1       2688    2689    2696    2695
CQUAD4   1980    1       2661    2698    2705    2704
CQUAD4   1981    1       2698    2699    2659    2705
CQUAD4   1982    1       2699    2700    2707    2659
CQUAD4   1983    1       2700    2701    2708    2707
CQUAD4   1984    1       2701    2702    2709    2708
CQUAD4   1985    1       2702    2703    2710    2709
CQUAD4   1986    1       2704    2705    2712    2711
CQUAD4   1987    1       2705    2659    2713    2712
CQUAD4   1988    1       2659    2707    2714    2713
CQUAD4   1989    1       2707    2708    2621    2714
CQUAD4   1990    1       2708    2709    2626    2621
CQUAD4   1991    1       2709    2710    2631    2626
CQUAD4   1992    1       2711    2712    2719    2718
CQUAD4   1993    1       2712    2713    2720    2719
CQUAD4   1994    1       2713    2714    2721    2720
CQUAD4   1995    1       2714    2621    2722    2721
CQUAD4   1996    1       2621    2626    2723    2722
CQUAD4   1997    1       2626    2631    2724    2723
CQUAD4   1998    1       2718    2719    2503    2466
CQUAD4   1999    1       2719    2720    2504    2503
CQUAD4   2000    1       2720    2721    2505    2504
CQUAD4   2001    1       2721    2722    2506    2505
CQUAD4   2002    1       2722    2723    2507    2506
CQUAD4   2003    1       2723    2724    2508    2507
CQUAD4   2004    1       2557    2558    2738    2737
CQUAD4   2005    1       2558    2559    2739    2738
CQUAD4   2006    1       2559    2560    2740    2739
CQUAD4   2007    1       2560    2561    2741    2740
CQUAD4   2008    1       2737    2738    2743    2742
CQUAD4   2009    1       2738    2739    2744    2743
CQUAD4   2010    1       2739    2740    2745    2744
CQUAD4   2011    1       2740    2741    2746    2745
CQUAD4   2012    1       2742    2743    2748    2747
CQUAD4   2013    1       2743    2744    2749    2748
CQUAD4   2014    1       2744    2745    2750    2749
CQUAD4   2015    1       2745    2746    2751    2750
CQUAD4   2016    1       2747    2748    2753    2752
CQUAD4   2017    1       2748    2749    2754    2753
CQUAD4   2018    1       2749    2750    2755    2754
CQUAD4   2019    1       2750    2751    2756    2755
CQUAD4   2020    1       2561    2741    2763    2571
CQUAD4   2021    1       2741    2746    2764    2763
CQUAD4   2022    1       2746    2751    2765    2764
CQUAD4   2023    1       2751    2756    2766    2765
CQUAD4   2024    1       2571    2763    2768    2576
CQUAD4   2025    1       2763    2764    2769    2768
CQUAD4   2026    1       2764    2765    2770    2769
CQUAD4   2027    1       2765    2766    2771    2770
CQUAD4   2028    1       2576    2768    2773    2581
CQUAD4   2029    1       2768    2769    2774    2773
CQUAD4   2030    1       2769    2770    2775    2774
CQUAD4   2031    1       2770    2771    2776    2775
CQUAD4   2032    1       2581    2773    2778    2586
CQUAD4   2033    1       2773    2774    2779    2778
CQUAD4   2034    1       2774    2775    2780    2779
CQUAD4   2035    1       2775    2776    2781    2780
CQUAD4   2036    1       2586    2778    2783    2591
CQUAD4   2037    1       2778    2779    2784    2783
CQUAD4   2038    1       2779    2780    2785    2784
CQUAD4   2039    1       2780    2781    2786    2785
CQUAD4   2040    1       2591    2783    2724    2508
CQUAD4   2041    1       2783    2784    2631    2724
CQUAD4   2042    1       2784    2785    2710    2631
CQUAD4   2043    1       2785    2786    2703    2710
CQUAD4   2044    1       2508    2724    2793    2601
CQUAD4   2045    1       2724    2631    2630    2793
CQUAD4   2046    1       2631    2710    2795    2630
CQUAD4   2047    1       2710    2703    2796    2795
CQUAD4   2048    1       2601    2793    2798    2606
CQUAD4   2049    1       2793    2630    2629    2798
CQUAD4   2050    1       2630    2795    2800    2629
CQUAD4   2051    1       2795    2796    2801    2800
CQUAD4   2052    1       2606    2798    2803    2611
CQUAD4   2053    1       2798    2629    2628    2803
CQUAD4   2054    1       2629    2800    2805    2628
CQUAD4   2055    1       2800    2801    2806    2805
CQUAD4   2056    1       2611    2803    2675    2501
CQUAD4   2057    1       2803    2628    2627    2675
CQUAD4   2058    1       2628    2805    2689    2627
CQUAD4   2059    1       2805    2806    2696    2689
CQUAD4   9148    1       2690    2691    10941   10940
CQUAD4   9149    1       2691    2692    10942   10941
CQUAD4   9150    1       2692    2693    10943   10942
CQUAD4   9151    1       2693    2694    10944   10943
CQUAD4   9152    1       2694    2695    10945   10944
CQUAD4   9153    1       2695    2696    10946   10945
CQUAD4   9154    1       10940   10941   10948   10947
CQUAD4   9155    1       10941   10942   10949   10948
CQUAD4   9156    1       10942   10943   10950   10949
CQUAD4   9157    1       10943   10944   10951   10950
CQUAD4   9158    1       10944   10945   10952   10951
CQUAD4   9159    1       10945   10946   10953   10952
CQUAD4   9160    1       10947   10948   10955   10954
CQUAD4   9161    1       10948   10949   10956   10955
CQUAD4   9162    1       10949   10950   10957   10956
CQUAD4   9163    1       10950   10951   10958   10957
CQUAD4   9164    1       10951   10952   10959   10958
CQUAD4   9165    1       10952   10953   10960   10959
CQUAD4   9166    1       10954   10955   10962   10961
CQUAD4   9167    1       10955   10956   10963   10962
CQUAD4   9168    1       10956   10957   10964   10963
CQUAD4   9169    1       10957   10958   10965   10964
CQUAD4   9170    1       10958   10959   10966   10965
CQUAD4   9171    1       10959   10960   10967   10966
CQUAD4   9172    1       2661    2698    10976   10975
CQUAD4   9173    1       2698    2699    10977   10976
CQUAD4   9174    1       2699    2700    10978   10977
CQUAD4   9175    1       2700    2701    10979   10978
CQUAD4   9176    1       2701    2702    10980   10979
CQUAD4   9177    1       2702    2703    10981   10980
CQUAD4   9178    1       10975   10976   10983   10982
CQUAD4   9179    1       10976   10977   10984   10983
CQUAD4   9180    1       10977   10978   10985   10984
CQUAD4   9181    1       10978   10979   10986   10985
CQUAD4   9182    1       10979   10980   10987   10986
CQUAD4   9183    1       10980   10981   10988   10987
CQUAD4   9184    1       10982   10983   10990   10989
CQUAD4   9185    1       10983   10984   10991   10990
CQUAD4   9186    1       10984   10985   10992   10991
CQUAD4   9187    1       10985   10986   10993   10992
CQUAD4   9188    1       10986   10987   10994   10993
CQUAD4   9189    1       10987   10988   10995   10994
CQUAD4   9190    1       10989   10990   10997   10996
CQUAD4   9191    1       10990   10991   10998   10997
CQUAD4   9192    1       10991   10992   10999   10998
CQUAD4   9193    1       10992   10993   11000   10999
CQUAD4   9194    1       10993   10994   11001   11000
CQUAD4   9195    1       10994   10995   11002   11001
CQUAD4   9196    1       2752    2753    11009   11008
CQUAD4   9197    1       2753    2754    11010   11009
CQUAD4   9198    1       2754    2755    11011   11010
CQUAD4   9199    1       2755    2756    11012   11011
CQUAD4   9200    1       11008   11009   11014   11013
CQUAD4   9201    1       11009   11010   11015   11014
CQUAD4   9202    1       11010   11011   11016   11015
CQUAD4   9203    1       11011   11012   11017   11016
CQUAD4   9204    1       11013   11014   11019   11018
CQUAD4   9205    1       11014   11015   11020   11019
CQUAD4   9206    1       11015   11016   11021   11020
CQUAD4   9207    1       11016   11017   11022   11021
CQUAD4   9208    1       11018   11019   11024   11023
CQUAD4   9209    1       11019   11020   11025   11024
CQUAD4   9210    1       11020   11021   11026   11025
CQUAD4   9211    1       11021   11022   11027   11026
CQUAD4   9212    1       2696    10946   11034   2806
CQUAD4   9213    1       10946   10953   11035   11034
CQUAD4   9214    1       10953   10960   11036   11035
CQUAD4   9215    1       10960   10967   11037   11036
CQUAD4   9216    1       2806    11034   11039   2801
CQUAD4   9217    1       11034   11035   11040   11039
CQUAD4   9218    1       11035   11036   11041   11040
CQUAD4   9219    1       11036   11037   11042   11041
CQUAD4   9220    1       2801    11039   11044   2796
CQUAD4   9221    1       11039   11040   11045   11044
CQUAD4   9222    1       11040   11041   11046   11045
CQUAD4   9223    1       11041   11042   11047   11046
CQUAD4   9224    1       2796    11044   10981   2703
CQUAD4   9225    1       11044   11045   10988   10981
CQUAD4   9226    1       11045   11046   10995   10988
CQUAD4   9227    1       11046   11047   11002   10995
CQUAD4   9228    1       2703    10981   11054   2786
CQUAD4   9229    1       10981   10988   11055   11054
CQUAD4   9230    1       10988   10995   11056   11055
CQUAD4   9231    1       10995   11002   11057   11056
CQUAD4   9232    1       2786    11054   11059   2781
CQUAD4   9233    1       11054   11055   11060   11059
CQUAD4   9234    1       11055   11056   11061   11060
CQUAD4   9235    1       11056   11057   11062   11061
CQUAD4   9236    1       2781    11059   11064   2776
CQUAD4   9237    1       11059   11060   11065   11064
CQUAD4   9238    1       11060   11061   11066   11065
CQUAD4   9239    1       11061   11062   11067   11066
CQUAD4   9240    1       2776    11064   11069   2771
CQUAD4   9241    1       11064   11065   11070   11069
CQUAD4   9242    1       11065   11066   11071   11070
CQUAD4   9243    1       11066   11067   11072   11071
CQUAD4   9244    1       2771    11069   11074   2766
CQUAD4   9245    1       11069   11070   11075   11074
CQUAD4   9246    1       11070   11071   11076   11075
CQUAD4   9247    1       11071   11072   11077   11076
CQUAD4   9248    1       2766    11074   11012   2756
CQUAD4   9249    1       11074   11075   11017   11012
CQUAD4   9250    1       11075   11076   11022   11017
CQUAD4   9251    1       11076   11077   11027   11022
CQUAD4   9252    1       10961   11084   11089   10962
CQUAD4   9253    1       11084   11085   11090   11089
CQUAD4   9254    1       11085   11086   11091   11090
CQUAD4   9255    1       11086   10996   10997   11091
CQUAD4   9256    1       10962   11089   11094   10963
CQUAD4   9257    1       11089   11090   11095   11094
CQUAD4   9258    1       11090   11091   11096   11095
CQUAD4   9259    1       11091   10997   10998   11096
CQUAD4   9260    1       10963   11094   11099   10964
CQUAD4   9261    1       11094   11095   11100   11099
CQUAD4   9262    1       11095   11096   11101   11100
CQUAD4   9263    1       11096   10998   10999   11101
CQUAD4   9264    1       10964   11099   11104   10965
CQUAD4   9265    1       11099   11100   11105   11104
CQUAD4   9266    1       11100   11101   11106   11105
CQUAD4   9267    1       11101   10999   11000   11106
CQUAD4   9268    1       10965   11104   11109   10966
CQUAD4   9269    1       11104   11105   11110   11109
CQUAD4   9270    1       11105   11106   11111   11110
CQUAD4   9271    1       11106   11000   11001   11111
CQUAD4   9272    1       10966   11109   11037   10967
CQUAD4   9273    1       11109   11110   11042   11037
CQUAD4   9274    1       11110   11111   11047   11042
CQUAD4   9275    1       11111   11001   11002   11047
CQUAD4   9276    1       11023   11119   11126   11024
CQUAD4   9277    1       11119   11120   11127   11126
CQUAD4   9278    1       11120   11121   11128   11127
CQUAD4   9279    1       11121   11122   11129   11128
CQUAD4   9280    1       11122   11123   11130   11129
CQUAD4   9281    1       11123   10998   10999   11130
CQUAD4   9282    1       11024   11126   11133   11025
CQUAD4   9283    1       11126   11127   11134   11133
CQUAD4   9284    1       11127   11128   11135   11134
CQUAD4   9285    1       11128   11129   11136   11135
CQUAD4   9286    1       11129   11130   11137   11136
CQUAD4   9287    1       11130   10999   11000   11137
CQUAD4   9288    1       11025   11133   11140   11026
CQUAD4   9289    1       11133   11134   11141   11140
CQUAD4   9290    1       11134   11135   11142   11141
CQUAD4   9291    1       11135   11136   11143   11142
CQUAD4   9292    1       11136   11137   11144   11143
CQUAD4   9293    1       11137   11000   11001   11144
CQUAD4   9294    1       11026   11140   11077   11027
CQUAD4   9295    1       11140   11141   11072   11077
CQUAD4   9296    1       11141   11142   11067   11072
CQUAD4   9297    1       11142   11143   11062   11067
CQUAD4   9298    1       11143   11144   11057   11062
CQUAD4   9299    1       11144   11001   11002   11057

MAT1   ,  1  ,    <cossan name="RVKEE4" format="%10.4e" original="1" />   , ,        .25 ,  2500. 

GRID     1038           -7.5    -15.    -3.6
GRID     1039           -6.     -15.    -3.6
GRID     1040           -4.5    -15.    -3.6
GRID     1041           -3.     -15.    -3.6
GRID     1042           -1.5    -15.    -3.6
GRID*    1043                           2.23517-7       -15.
*       -3.6
GRID     1044           1.5     -15.    -3.6
GRID     1045           3.      -15.    -3.6
GRID     1046           4.5     -15.    -3.6
GRID     1047           6.      -15.    -3.6
GRID     1048           7.5     -15.    -3.6
GRID     1049           9.      -15.    -3.6
GRID     1050           10.5    -15.    -3.6
GRID     1051           12.     -15.    -3.6
GRID     1052           13.5    -15.    -3.6
GRID     1053           15.     -15.    -3.6
GRID     1060           -7.5    -13.5   -3.6
GRID     1075           15.     -13.5   -3.6
GRID     1082           -7.5    -12.    -3.6
GRID     1097           15.     -12.    -3.6
GRID     1104           -7.5    -10.5   -3.6
GRID     1119           15.     -10.5   -3.6
GRID     1126           -7.5    -9.     -3.6
GRID     1141           15.     -9.     -3.6
GRID     1148           -7.5    -7.5    -3.6
GRID     1163           15.     -7.5    -3.6
GRID     1170           -7.5    -6.     -3.6
GRID     1185           15.     -6.     -3.6
GRID     1192           -7.5    -4.5    -3.6
GRID*    1197                           2.23517-7       -4.5
*       -3.6
GRID     1199           3.      -4.5    -3.6
GRID     1207           15.     -4.5    -3.6
GRID     1214           -7.5    -3.     -3.6
GRID*    1219                           2.23517-7       -3.
*       -3.6
GRID     1221           3.      -3.     -3.6
GRID     1224           7.5     -3.     -3.6
GRID     1229           15.     -3.     -3.6
GRID     1236           -7.5    -1.5    -3.6
GRID*    1241                           2.23517-7       -1.5
*       -3.6
GRID     1243           3.      -1.5    -3.6
GRID     1246           7.5     -1.5    -3.6
GRID     1251           15.     -1.5    -3.6
GRID*    1258                           -7.5            7.15256-7
*       -3.6
GRID*    1263                           2.23517-7       7.15256-7
*       -3.6
GRID*    1264                           1.5             7.15256-7
*       -3.6
GRID*    1265                           3.              7.15256-7
*       -3.6
GRID*    1266                           4.5             7.15256-7
*       -3.6
GRID*    1267                           6.              7.15256-7
*       -3.6
GRID*    1268                           7.5             7.15256-7
*       -3.6
GRID*    1273                           15.             7.15256-7
*       -3.6
GRID     1280           -7.5    1.5     -3.6
GRID     1295           15.     1.5     -3.6
GRID     1302           -7.5    3.      -3.6
GRID     1317           15.     3.      -3.6
GRID     1324           -7.5    4.5     -3.6
GRID     1339           15.     4.5     -3.6
GRID     1346           -7.5    6.      -3.6
GRID     1361           15.     6.      -3.6
GRID     1368           -7.5    7.5     -3.6
GRID     1369           -6.     7.5     -3.6
GRID     1370           -4.5    7.5     -3.6
GRID     1371           -3.     7.5     -3.6
GRID     1372           -1.5    7.5     -3.6
GRID*    1373                           2.23517-7       7.5
*       -3.6
GRID     1374           1.5     7.5     -3.6
GRID     1375           3.      7.5     -3.6
GRID     1376           4.5     7.5     -3.6
GRID     1377           6.      7.5     -3.6
GRID     1378           7.5     7.5     -3.6
GRID     1379           9.      7.5     -3.6
GRID     1380           10.5    7.5     -3.6
GRID     1381           12.     7.5     -3.6
GRID     1382           13.5    7.5     -3.6
GRID     1383           15.     7.5     -3.6
GRID     1469           15.     -15.    -1.8
GRID     1470           15.     -13.5   -1.8
GRID     1471           15.     -12.    -1.8
GRID     1472           15.     -10.5   -1.8
GRID     1473           15.     -9.     -1.8
GRID     1474           15.     -7.5    -1.8
GRID     1475           15.     -6.     -1.8
GRID     1476           15.     -4.5    -1.8
GRID     1477           15.     -3.     -1.8
GRID     1478           15.     -1.5    -1.8
GRID*    1479                           15.             -8.9407-7
*       -1.8
GRID     1480           15.     1.5     -1.8
GRID     1481           15.     3.      -1.8
GRID     1482           15.     4.5     -1.8
GRID     1483           15.     6.      -1.8
GRID     1484           15.     7.5     -1.8
GRID     1485           15.     -15.     0.
GRID     1486           15.     -13.5    0.
GRID     1487           15.     -12.     0.
GRID     1488           15.     -10.5    0.
GRID     1489           15.     -9.      0.
GRID     1490           15.     -7.5     0.
GRID     1491           15.     -6.      0.
GRID     1492           15.     -4.5     0.
GRID     1493           15.     -3.      0.
GRID     1494           15.     -1.5     0.
GRID*    1495                           15.             -8.9407-7
*        0.
GRID     1496           15.     1.5      0.
GRID     1497           15.     3.       0.
GRID     1498           15.     4.5      0.
GRID     1499           15.     6.       0.
GRID     1500           15.     7.5      0.
GRID     1517           -7.5    -15.    -1.8
GRID     1518           -7.5    -13.5   -1.8
GRID     1519           -7.5    -12.    -1.8
GRID     1520           -7.5    -10.5   -1.8
GRID     1521           -7.5    -9.     -1.8
GRID     1522           -7.5    -7.5    -1.8
GRID     1523           -7.5    -6.     -1.8
GRID     1524           -7.5    -4.5    -1.8
GRID     1525           -7.5    -3.     -1.8
GRID     1526           -7.5    -1.5    -1.8
GRID*    1527                           -7.5            -8.9407-7
*       -1.8
GRID     1528           -7.5    1.5     -1.8
GRID     1529           -7.5    3.      -1.8
GRID     1530           -7.5    4.5     -1.8
GRID     1531           -7.5    6.      -1.8
GRID     1532           -7.5    7.5     -1.8
GRID     1533           -7.5    -15.     0.
GRID     1534           -7.5    -13.5    0.
GRID     1535           -7.5    -12.     0.
GRID     1536           -7.5    -10.5    0.
GRID     1537           -7.5    -9.      0.
GRID     1538           -7.5    -7.5     0.
GRID     1539           -7.5    -6.      0.
GRID     1540           -7.5    -4.5     0.
GRID     1541           -7.5    -3.      0.
GRID     1542           -7.5    -1.5     0.
GRID*    1543                           -7.5            -8.9407-7
*        0.
GRID     1544           -7.5    1.5      0.
GRID     1545           -7.5    3.       0.
GRID     1546           -7.5    4.5      0.
GRID     1547           -7.5    6.       0.
GRID     1548           -7.5    7.5      0.
GRID     1553           -6.     7.5     -1.8
GRID     1554           -6.     7.5      0.
GRID     1556           -4.5    7.5     -1.8
GRID     1557           -4.5    7.5      0.
GRID     1559           -3.     7.5     -1.8
GRID     1560           -3.     7.5      0.
GRID     1562           -1.5    7.5     -1.8
GRID     1563           -1.5    7.5      0.
GRID*    1565                           -4.47035-7      7.5
*       -1.8
GRID*    1566                           -4.47035-7      7.5
*        0.
GRID     1568           1.5     7.5     -1.8
GRID     1569           1.5     7.5      0.
GRID     1571           3.      7.5     -1.8
GRID     1572           3.      7.5      0.
GRID     1574           4.5     7.5     -1.8
GRID     1575           4.5     7.5      0.
GRID     1577           6.      7.5     -1.8
GRID     1578           6.      7.5      0.
GRID     1580           7.5     7.5     -1.8
GRID     1581           7.5     7.5      0.
GRID     1583           9.      7.5     -1.8
GRID     1584           9.      7.5      0.
GRID     1586           10.5    7.5     -1.8
GRID     1587           10.5    7.5      0.
GRID     1589           12.     7.5     -1.8
GRID     1590           12.     7.5      0.
GRID     1592           13.5    7.5     -1.8
GRID     1593           13.5    7.5      0.
GRID     1601           -6.     -15.    -1.8
GRID     1602           -6.     -15.     0.
GRID     1604           -4.5    -15.    -1.8
GRID     1605           -4.5    -15.     0.
GRID     1607           -3.     -15.    -1.8
GRID     1608           -3.     -15.     0.
GRID     1610           -1.5    -15.    -1.8
GRID     1611           -1.5    -15.     0.
GRID*    1613                           -4.47035-7      -15.
*       -1.8
GRID*    1614                           -4.47035-7      -15.
*        0.
GRID     1616           1.5     -15.    -1.8
GRID     1617           1.5     -15.     0.
GRID     1619           3.      -15.    -1.8
GRID     1620           3.      -15.     0.
GRID     1622           4.5     -15.    -1.8
GRID     1623           4.5     -15.     0.
GRID     1625           6.      -15.    -1.8
GRID     1626           6.      -15.     0.
GRID     1628           7.5     -15.    -1.8
GRID     1629           7.5     -15.     0.
GRID     1631           9.      -15.    -1.8
GRID     1632           9.      -15.     0.
GRID     1634           10.5    -15.    -1.8
GRID     1635           10.5    -15.     0.
GRID     1637           12.     -15.    -1.8
GRID     1638           12.     -15.     0.
GRID     1640           13.5    -15.    -1.8
GRID     1641           13.5    -15.     0.
GRID     1642            0.     -1.5    -1.8
GRID     1646           3.      -1.5    -1.8
GRID     1647            0.     -.75    -1.8
GRID     1651           3.      -.75    -1.8
GRID     1652            0.      0.     -1.8
GRID     1653           .75      0.     -1.8
GRID     1654           1.5      0.     -1.8
GRID     1655           2.25     0.     -1.8
GRID     1656           3.       0.     -1.8
GRID     1659            0.     -3.     -2.7
GRID     1684           3.      -3.     -.9
GRID     1686           3.      -4.5     0.
GRID     1688            0.     -3.75   -3.6
GRID     1690            0.     -2.25   -3.6
GRID     1692            0.     -.75    -3.6
GRID     1694            0.     -4.5    -2.7
GRID     1695            0.     -3.75   -2.7
GRID     1697            0.     -2.25   -2.7
GRID     1698            0.     -1.5    -2.7
GRID     1699            0.     -.75    -2.7
GRID     1700            0.      0.     -2.7
GRID     1701            0.     -4.5    -1.8
GRID     1702            0.     -3.75   -1.8
GRID     1703            0.     -3.     -1.8
GRID     1704            0.     -2.25   -1.8
GRID     1708            0.     -4.5    -.9
GRID     1709            0.     -3.75   -.9
GRID     1710            0.     -3.     -.9
GRID     1711            0.     -2.25   -.9
GRID     1712            0.     -1.5    -.9
GRID     1713            0.     -.75    -.9
GRID     1714            0.      0.     -.9
GRID     1715            0.     -4.5     0.
GRID     1716            0.     -3.75    0.
GRID     1717            0.     -3.      0.
GRID     1718            0.     -2.25    0.
GRID     1719            0.     -1.5     0.
GRID     1720            0.     -.75     0.
GRID     1721            0.      0.      0.
GRID     1723           3.      -3.75    0.
GRID     1724           3.      -3.      0.
GRID     1725           3.      -2.25    0.
GRID     1726           3.      -1.5     0.
GRID     1727           3.      -.75     0.
GRID     1728           3.       0.      0.
GRID     1729           3.      -4.5    -.9
GRID     1730           3.      -3.75   -.9
GRID     1732           3.      -2.25   -.9
GRID     1733           3.      -1.5    -.9
GRID     1734           3.      -.75    -.9
GRID     1735           3.       0.     -.9
GRID     1736           3.      -4.5    -1.8
GRID     1737           3.      -3.75   -1.8
GRID     1738           3.      -3.     -1.8
GRID     1739           3.      -2.25   -1.8
GRID     1743           3.      -4.5    -2.7
GRID     1744           3.      -3.75   -2.7
GRID     1745           3.      -3.     -2.7
GRID     1746           3.      -2.25   -2.7
GRID     1747           3.      -1.5    -2.7
GRID     1748           3.      -.75    -2.7
GRID     1749           3.       0.     -2.7
GRID     1751           3.      -3.75   -3.6
GRID     1753           3.      -2.25   -3.6
GRID     1755           3.      -.75    -3.6
GRID     1758           7.5     -2.25   -3.6
GRID     1760           7.5     -.75    -3.6
GRID     1762           7.5     -3.     -2.7
GRID     1763           7.5     -2.25   -2.7
GRID     1764           7.5     -1.5    -2.7
GRID     1765           7.5     -.75    -2.7
GRID     1766           7.5      0.     -2.7
GRID     1767           7.5     -3.     -1.8
GRID     1768           7.5     -2.25   -1.8
GRID     1769           7.5     -1.5    -1.8
GRID     1770           7.5     -.75    -1.8
GRID     1771           7.5      0.     -1.8
GRID     1772           7.5     -3.     -.9
GRID     1773           7.5     -2.25   -.9
GRID     1774           7.5     -1.5    -.9
GRID     1775           7.5     -.75    -.9
GRID     1776           7.5      0.     -.9
GRID     1777           7.5     -3.      0.
GRID     1778           7.5     -2.25    0.
GRID     1779           7.5     -1.5     0.
GRID     1780           7.5     -.75     0.
GRID     1781           7.5      0.      0.
GRID     1787           6.75     0.     -3.6
GRID     1788           6.75     0.     -2.7
GRID     1789           6.75     0.     -1.8
GRID     1790           6.75     0.     -.9
GRID     1791           6.75     0.      0.
GRID     1793           6.       0.     -2.7
GRID     1794           6.       0.     -1.8
GRID     1795           6.       0.     -.9
GRID     1796           6.       0.      0.
GRID     1797           5.25     0.     -3.6
GRID     1798           5.25     0.     -2.7
GRID     1799           5.25     0.     -1.8
GRID     1800           5.25     0.     -.9
GRID     1801           5.25     0.      0.
GRID     1803           4.5      0.     -2.7
GRID     1804           4.5      0.     -1.8
GRID     1805           4.5      0.     -.9
GRID     1806           4.5      0.      0.
GRID     1807           3.75     0.     -3.6
GRID     1808           3.75     0.     -2.7
GRID     1809           3.75     0.     -1.8
GRID     1810           3.75     0.     -.9
GRID     1811           3.75     0.      0.
GRID     1817           2.25     0.     -3.6
GRID     1818           2.25     0.     -2.7
GRID     1820           2.25     0.     -.9
GRID     1821           2.25     0.      0.
GRID     1823           1.5      0.     -2.7
GRID     1825           1.5      0.     -.9
GRID     1826           1.5      0.      0.
GRID     1827           .749999  0.     -3.6
GRID     1828           .749999  0.     -2.7
GRID     1830           .749999  0.     -.9
GRID     1831           .749999  0.      0.
GRID     1837            0.     -1.5    1.8
GRID     1841           3.      -1.5    1.8
GRID     1842            0.     -.75    1.8
GRID     1846           3.      -.75    1.8
GRID     1847            0.      0.     1.8
GRID     1848           .75      0.     1.8
GRID     1849           1.5      0.     1.8
GRID     1850           2.25     0.     1.8
GRID     1851           3.       0.     1.8
GRID     1854            0.     -3.     .9
GRID     1879           3.      -3.     2.7
GRID     1881           3.      -4.5    3.6
GRID     1889            0.     -4.5    .9
GRID     1890            0.     -3.75   .9
GRID     1892            0.     -2.25   .9
GRID     1893            0.     -1.5    .9
GRID     1894            0.     -.75    .9
GRID     1895            0.      0.     .9
GRID     1896            0.     -4.5    1.8
GRID     1897            0.     -3.75   1.8
GRID     1898            0.     -3.     1.8
GRID     1899            0.     -2.25   1.8
GRID     1903            0.     -4.5    2.7
GRID     1904            0.     -3.75   2.7
GRID     1905            0.     -3.     2.7
GRID     1906            0.     -2.25   2.7
GRID     1907            0.     -1.5    2.7
GRID     1908            0.     -.75    2.7
GRID     1909            0.      0.     2.7
GRID     1910            0.     -4.5    3.6
GRID     1911            0.     -3.75   3.6
GRID     1912            0.     -3.     3.6
GRID     1913            0.     -2.25   3.6
GRID     1914            0.     -1.5    3.6
GRID     1915            0.     -.75    3.6
GRID     1916            0.      0.     3.6
GRID     1918           3.      -3.75   3.6
GRID     1919           3.      -3.     3.6
GRID     1920           3.      -2.25   3.6
GRID     1921           3.      -1.5    3.6
GRID     1922           3.      -.75    3.6
GRID     1923           3.       0.     3.6
GRID     1924           3.      -4.5    2.7
GRID     1925           3.      -3.75   2.7
GRID     1927           3.      -2.25   2.7
GRID     1928           3.      -1.5    2.7
GRID     1929           3.      -.75    2.7
GRID     1930           3.       0.     2.7
GRID     1931           3.      -4.5    1.8
GRID     1932           3.      -3.75   1.8
GRID     1933           3.      -3.     1.8
GRID     1934           3.      -2.25   1.8
GRID     1938           3.      -4.5    .900001
GRID     1939           3.      -3.75   .900001
GRID     1940           3.      -3.     .900001
GRID     1941           3.      -2.25   .900001
GRID     1942           3.      -1.5    .900001
GRID     1943           3.      -.75    .900001
GRID     1944           3.       0.     .900001
GRID     1957           7.5     -3.     .9
GRID     1958           7.5     -2.25   .9
GRID     1959           7.5     -1.5    .9
GRID     1960           7.5     -.75    .9
GRID     1961           7.5      0.     .9
GRID     1962           7.5     -3.     1.8
GRID     1963           7.5     -2.25   1.8
GRID     1964           7.5     -1.5    1.8
GRID     1965           7.5     -.75    1.8
GRID     1966           7.5      0.     1.8
GRID     1967           7.5     -3.     2.7
GRID     1968           7.5     -2.25   2.7
GRID     1969           7.5     -1.5    2.7
GRID     1970           7.5     -.75    2.7
GRID     1971           7.5      0.     2.7
GRID     1972           7.5     -3.     3.6
GRID     1973           7.5     -2.25   3.6
GRID     1974           7.5     -1.5    3.6
GRID     1975           7.5     -.75    3.6
GRID     1976           7.5      0.     3.6
GRID     1983           6.75     0.     .9
GRID     1984           6.75     0.     1.8
GRID     1985           6.75     0.     2.7
GRID     1986           6.75     0.     3.6
GRID     1988           6.       0.     .9
GRID     1989           6.       0.     1.8
GRID     1990           6.       0.     2.7
GRID     1991           6.       0.     3.6
GRID     1993           5.25     0.     .9
GRID     1994           5.25     0.     1.8
GRID     1995           5.25     0.     2.7
GRID     1996           5.25     0.     3.6
GRID     1998           4.5      0.     .9
GRID     1999           4.5      0.     1.8
GRID     2000           4.5      0.     2.7
GRID     2001           4.5      0.     3.6
GRID     2003           3.75     0.     .9
GRID     2004           3.75     0.     1.8
GRID     2005           3.75     0.     2.7
GRID     2006           3.75     0.     3.6
GRID     2013           2.25     0.     .9
GRID     2015           2.25     0.     2.7
GRID     2016           2.25     0.     3.6
GRID     2018           1.5      0.     .9
GRID     2020           1.5      0.     2.7
GRID     2021           1.5      0.     3.6
GRID     2023           .749999  0.     .9
GRID     2025           .749999  0.     2.7
GRID     2026           .749999  0.     3.6
GRID     2032            0.     -1.5    5.4
GRID     2036           3.      -1.5    5.4
GRID     2037            0.     -.75    5.4
GRID     2041           3.      -.75    5.4
GRID     2042            0.      0.     5.4
GRID     2043           .75      0.     5.4
GRID     2044           1.5      0.     5.4
GRID     2045           2.25     0.     5.4
GRID     2046           3.       0.     5.4
GRID     2049            0.     -3.     4.5
GRID     2074           3.      -3.     6.3
GRID     2076           3.      -4.5    7.2
GRID     2084            0.     -4.5    4.5
GRID     2085            0.     -3.75   4.5
GRID     2087            0.     -2.25   4.5
GRID     2088            0.     -1.5    4.5
GRID     2089            0.     -.75    4.5
GRID     2090            0.      0.     4.5
GRID     2091            0.     -4.5    5.4
GRID     2092            0.     -3.75   5.4
GRID     2093            0.     -3.     5.4
GRID     2094            0.     -2.25   5.4
GRID     2098            0.     -4.5    6.3
GRID     2099            0.     -3.75   6.3
GRID     2100            0.     -3.     6.3
GRID     2101            0.     -2.25   6.3
GRID     2102            0.     -1.5    6.3
GRID     2103            0.     -.75    6.3
GRID     2104            0.      0.     6.3
GRID     2105            0.     -4.5    7.2
GRID     2106            0.     -3.75   7.2
GRID     2107            0.     -3.     7.2
GRID     2108            0.     -2.25   7.2
GRID     2109            0.     -1.5    7.2
GRID     2110            0.     -.75    7.2
GRID     2111            0.      0.     7.2
GRID     2113           3.      -3.75   7.2
GRID     2114           3.      -3.     7.2
GRID     2115           3.      -2.25   7.2
GRID     2116           3.      -1.5    7.2
GRID     2117           3.      -.75    7.2
GRID     2118           3.       0.     7.2
GRID     2119           3.      -4.5    6.3
GRID     2120           3.      -3.75   6.3
GRID     2122           3.      -2.25   6.3
GRID     2123           3.      -1.5    6.3
GRID     2124           3.      -.75    6.3
GRID     2125           3.       0.     6.3
GRID     2126           3.      -4.5    5.4
GRID     2127           3.      -3.75   5.4
GRID     2128           3.      -3.     5.4
GRID     2129           3.      -2.25   5.4
GRID     2133           3.      -4.5    4.5
GRID     2134           3.      -3.75   4.5
GRID     2135           3.      -3.     4.5
GRID     2136           3.      -2.25   4.5
GRID     2137           3.      -1.5    4.5
GRID     2138           3.      -.75    4.5
GRID     2139           3.       0.     4.5
GRID     2152           7.5     -3.     4.5
GRID     2153           7.5     -2.25   4.5
GRID     2154           7.5     -1.5    4.5
GRID     2155           7.5     -.75    4.5
GRID     2156           7.5      0.     4.5
GRID     2157           7.5     -3.     5.4
GRID     2158           7.5     -2.25   5.4
GRID     2159           7.5     -1.5    5.4
GRID     2160           7.5     -.75    5.4
GRID     2161           7.5      0.     5.4
GRID     2162           7.5     -3.     6.3
GRID     2163           7.5     -2.25   6.3
GRID     2164           7.5     -1.5    6.3
GRID     2165           7.5     -.75    6.3
GRID     2166           7.5      0.     6.3
GRID     2167           7.5     -3.     7.2
GRID     2168           7.5     -2.25   7.2
GRID     2169           7.5     -1.5    7.2
GRID     2170           7.5     -.75    7.2
GRID     2171           7.5      0.     7.2
GRID     2178           6.75     0.     4.5
GRID     2179           6.75     0.     5.4
GRID     2180           6.75     0.     6.3
GRID     2181           6.75     0.     7.2
GRID     2183           6.       0.     4.5
GRID     2184           6.       0.     5.4
GRID     2185           6.       0.     6.3
GRID     2186           6.       0.     7.2
GRID     2188           5.25     0.     4.5
GRID     2189           5.25     0.     5.4
GRID     2190           5.25     0.     6.3
GRID     2191           5.25     0.     7.2
GRID     2193           4.5      0.     4.5
GRID     2194           4.5      0.     5.4
GRID     2195           4.5      0.     6.3
GRID     2196           4.5      0.     7.2
GRID     2198           3.75     0.     4.5
GRID     2199           3.75     0.     5.4
GRID     2200           3.75     0.     6.3
GRID     2201           3.75     0.     7.2
GRID     2208           2.25     0.     4.5
GRID     2210           2.25     0.     6.3
GRID     2211           2.25     0.     7.2
GRID     2213           1.5      0.     4.5
GRID     2215           1.5      0.     6.3
GRID     2216           1.5      0.     7.2
GRID     2218           .749999  0.     4.5
GRID     2220           .749999  0.     6.3
GRID     2221           .749999  0.     7.2
GRID     2227            0.     -1.5    9.
GRID     2231           3.      -1.5    9.
GRID     2232            0.     -.75    9.
GRID     2236           3.      -.75    9.
GRID     2237            0.      0.     9.
GRID     2238           .75      0.     9.
GRID     2239           1.5      0.     9.
GRID     2240           2.25     0.     9.
GRID     2241           3.       0.     9.
GRID     2244            0.     -3.     8.1
GRID     2269           3.      -3.     9.9
GRID     2271           3.      -4.5    10.8
GRID     2279            0.     -4.5    8.1
GRID     2280            0.     -3.75   8.1
GRID     2282            0.     -2.25   8.1
GRID     2283            0.     -1.5    8.1
GRID     2284            0.     -.75    8.1
GRID     2285            0.      0.     8.1
GRID     2286            0.     -4.5    9.
GRID     2287            0.     -3.75   9.
GRID     2288            0.     -3.     9.
GRID     2289            0.     -2.25   9.
GRID     2293            0.     -4.5    9.9
GRID     2294            0.     -3.75   9.9
GRID     2295            0.     -3.     9.9
GRID     2296            0.     -2.25   9.9
GRID     2297            0.     -1.5    9.9
GRID     2298            0.     -.75    9.9
GRID     2299            0.      0.     9.9
GRID     2300            0.     -4.5    10.8
GRID     2301            0.     -3.75   10.8
GRID     2302            0.     -3.     10.8
GRID     2303            0.     -2.25   10.8
GRID     2304            0.     -1.5    10.8
GRID     2305            0.     -.75    10.8
GRID     2306            0.      0.     10.8
GRID     2308           3.      -3.75   10.8
GRID     2309           3.      -3.     10.8
GRID     2310           3.      -2.25   10.8
GRID     2311           3.      -1.5    10.8
GRID     2312           3.      -.75    10.8
GRID     2313           3.       0.     10.8
GRID     2314           3.      -4.5    9.9
GRID     2315           3.      -3.75   9.9
GRID     2317           3.      -2.25   9.9
GRID     2318           3.      -1.5    9.9
GRID     2319           3.      -.75    9.9
GRID     2320           3.       0.     9.9
GRID     2321           3.      -4.5    9.
GRID     2322           3.      -3.75   9.
GRID     2323           3.      -3.     9.
GRID     2324           3.      -2.25   9.
GRID     2328           3.      -4.5    8.1
GRID     2329           3.      -3.75   8.1
GRID     2330           3.      -3.     8.1
GRID     2331           3.      -2.25   8.1
GRID     2332           3.      -1.5    8.1
GRID     2333           3.      -.75    8.1
GRID     2334           3.       0.     8.1
GRID     2347           7.5     -3.     8.1
GRID     2348           7.5     -2.25   8.1
GRID     2349           7.5     -1.5    8.1
GRID     2350           7.5     -.75    8.1
GRID     2351           7.5      0.     8.1
GRID     2352           7.5     -3.     9.
GRID     2353           7.5     -2.25   9.
GRID     2354           7.5     -1.5    9.
GRID     2355           7.5     -.75    9.
GRID     2356           7.5      0.     9.
GRID     2357           7.5     -3.     9.9
GRID     2358           7.5     -2.25   9.9
GRID     2359           7.5     -1.5    9.9
GRID     2360           7.5     -.75    9.9
GRID     2361           7.5      0.     9.9
GRID     2362           7.5     -3.     10.8
GRID     2363           7.5     -2.25   10.8
GRID     2364           7.5     -1.5    10.8
GRID     2365           7.5     -.75    10.8
GRID     2366           7.5      0.     10.8
GRID     2373           6.75     0.     8.1
GRID     2374           6.75     0.     9.
GRID     2375           6.75     0.     9.9
GRID     2376           6.75     0.     10.8
GRID     2378           6.       0.     8.1
GRID     2379           6.       0.     9.
GRID     2380           6.       0.     9.9
GRID     2381           6.       0.     10.8
GRID     2383           5.25     0.     8.1
GRID     2384           5.25     0.     9.
GRID     2385           5.25     0.     9.9
GRID     2386           5.25     0.     10.8
GRID     2388           4.5      0.     8.1
GRID     2389           4.5      0.     9.
GRID     2390           4.5      0.     9.9
GRID     2391           4.5      0.     10.8
GRID     2393           3.75     0.     8.1
GRID     2394           3.75     0.     9.
GRID     2395           3.75     0.     9.9
GRID     2396           3.75     0.     10.8
GRID     2403           2.25     0.     8.1
GRID     2405           2.25     0.     9.9
GRID     2406           2.25     0.     10.8
GRID     2408           1.5      0.     8.1
GRID     2410           1.5      0.     9.9
GRID     2411           1.5      0.     10.8
GRID     2413           .749999  0.     8.1
GRID     2415           .749999  0.     9.9
GRID     2416           .749999  0.     10.8
GRID     2422            0.     -1.5    12.6
GRID     2426           3.      -1.5    12.6
GRID     2427            0.     -.75    12.6
GRID     2431           3.      -.75    12.6
GRID     2432            0.      0.     12.6
GRID     2433           .75      0.     12.6
GRID     2434           1.5      0.     12.6
GRID     2435           2.25     0.     12.6
GRID     2436           3.       0.     12.6
GRID     2439            0.     -3.     11.7
GRID     2464           3.      -3.     13.5
GRID     2466           3.      -4.5    14.4
GRID     2474            0.     -4.5    11.7
GRID     2475            0.     -3.75   11.7
GRID     2477            0.     -2.25   11.7
GRID     2478            0.     -1.5    11.7
GRID     2479            0.     -.75    11.7
GRID     2480            0.      0.     11.7
GRID     2481            0.     -4.5    12.6
GRID     2482            0.     -3.75   12.6
GRID     2483            0.     -3.     12.6
GRID     2484            0.     -2.25   12.6
GRID     2488            0.     -4.5    13.5
GRID     2489            0.     -3.75   13.5
GRID     2490            0.     -3.     13.5
GRID     2491            0.     -2.25   13.5
GRID     2492            0.     -1.5    13.5
GRID     2493            0.     -.75    13.5
GRID     2494            0.      0.     13.5
GRID     2495            0.     -4.5    14.4
GRID     2496            0.     -3.75   14.4
GRID     2497            0.     -3.     14.4
GRID     2498            0.     -2.25   14.4
GRID     2499            0.     -1.5    14.4
GRID     2500            0.     -.75    14.4
GRID     2501            0.      0.     14.4
GRID     2503           3.      -3.75   14.4
GRID     2504           3.      -3.     14.4
GRID     2505           3.      -2.25   14.4
GRID     2506           3.      -1.5    14.4
GRID     2507           3.      -.75    14.4
GRID     2508           3.       0.     14.4
GRID     2509           3.      -4.5    13.5
GRID     2510           3.      -3.75   13.5
GRID     2512           3.      -2.25   13.5
GRID     2513           3.      -1.5    13.5
GRID     2514           3.      -.75    13.5
GRID     2515           3.       0.     13.5
GRID     2516           3.      -4.5    12.6
GRID     2517           3.      -3.75   12.6
GRID     2518           3.      -3.     12.6
GRID     2519           3.      -2.25   12.6
GRID     2523           3.      -4.5    11.7
GRID     2524           3.      -3.75   11.7
GRID     2525           3.      -3.     11.7
GRID     2526           3.      -2.25   11.7
GRID     2527           3.      -1.5    11.7
GRID     2528           3.      -.75    11.7
GRID     2529           3.       0.     11.7
GRID     2542           7.5     -3.     11.7
GRID     2543           7.5     -2.25   11.7
GRID     2544           7.5     -1.5    11.7
GRID     2545           7.5     -.75    11.7
GRID     2546           7.5      0.     11.7
GRID     2547           7.5     -3.     12.6
GRID     2548           7.5     -2.25   12.6
GRID     2549           7.5     -1.5    12.6
GRID     2550           7.5     -.75    12.6
GRID     2551           7.5      0.     12.6
GRID     2552           7.5     -3.     13.5
GRID     2553           7.5     -2.25   13.5
GRID     2554           7.5     -1.5    13.5
GRID     2555           7.5     -.75    13.5
GRID     2556           7.5      0.     13.5
GRID     2557           7.5     -3.     14.4
GRID     2558           7.5     -2.25   14.4
GRID     2559           7.5     -1.5    14.4
GRID     2560           7.5     -.75    14.4
GRID     2561           7.5      0.     14.4
GRID     2568           6.75     0.     11.7
GRID     2569           6.75     0.     12.6
GRID     2570           6.75     0.     13.5
GRID     2571           6.75     0.     14.4
GRID     2573           6.       0.     11.7
GRID     2574           6.       0.     12.6
GRID     2575           6.       0.     13.5
GRID     2576           6.       0.     14.4
GRID     2578           5.25     0.     11.7
GRID     2579           5.25     0.     12.6
GRID     2580           5.25     0.     13.5
GRID     2581           5.25     0.     14.4
GRID     2583           4.5      0.     11.7
GRID     2584           4.5      0.     12.6
GRID     2585           4.5      0.     13.5
GRID     2586           4.5      0.     14.4
GRID     2588           3.75     0.     11.7
GRID     2589           3.75     0.     12.6
GRID     2590           3.75     0.     13.5
GRID     2591           3.75     0.     14.4
GRID     2598           2.25     0.     11.7
GRID     2600           2.25     0.     13.5
GRID     2601           2.25     0.     14.4
GRID     2603           1.5      0.     11.7
GRID     2605           1.5      0.     13.5
GRID     2606           1.5      0.     14.4
GRID     2608           .749999  0.     11.7
GRID     2610           .749999  0.     13.5
GRID     2611           .749999  0.     14.4
GRID     2617            0.     -1.5    16.2
GRID     2621           3.      -1.5    16.2
GRID     2622            0.     -.75    16.2
GRID     2626           3.      -.75    16.2
GRID     2627            0.      0.     16.2
GRID     2628           .75      0.     16.2
GRID     2629           1.5      0.     16.2
GRID     2630           2.25     0.     16.2
GRID     2631           3.       0.     16.2
GRID     2634            0.     -3.     15.3
GRID     2659           3.      -3.     17.1
GRID     2661           3.      -4.5    18.
GRID     2669            0.     -4.5    15.3
GRID     2670            0.     -3.75   15.3
GRID     2672            0.     -2.25   15.3
GRID     2673            0.     -1.5    15.3
GRID     2674            0.     -.75    15.3
GRID     2675            0.      0.     15.3
GRID     2676            0.     -4.5    16.2
GRID     2677            0.     -3.75   16.2
GRID     2678            0.     -3.     16.2
GRID     2679            0.     -2.25   16.2
GRID     2683            0.     -4.5    17.1
GRID     2684            0.     -3.75   17.1
GRID     2685            0.     -3.     17.1
GRID     2686            0.     -2.25   17.1
GRID     2687            0.     -1.5    17.1
GRID     2688            0.     -.75    17.1
GRID     2689            0.      0.     17.1
GRID     2690            0.     -4.5    18.
GRID     2691            0.     -3.75   18.
GRID     2692            0.     -3.     18.
GRID     2693            0.     -2.25   18.
GRID     2694            0.     -1.5    18.
GRID     2695            0.     -.75    18.
GRID     2696            0.      0.     18.
GRID     2698           3.      -3.75   18.
GRID     2699           3.      -3.     18.
GRID     2700           3.      -2.25   18.
GRID     2701           3.      -1.5    18.
GRID     2702           3.      -.75    18.
GRID     2703           3.       0.     18.
GRID     2704           3.      -4.5    17.1
GRID     2705           3.      -3.75   17.1
GRID     2707           3.      -2.25   17.1
GRID     2708           3.      -1.5    17.1
GRID     2709           3.      -.75    17.1
GRID     2710           3.       0.     17.1
GRID     2711           3.      -4.5    16.2
GRID     2712           3.      -3.75   16.2
GRID     2713           3.      -3.     16.2
GRID     2714           3.      -2.25   16.2
GRID     2718           3.      -4.5    15.3
GRID     2719           3.      -3.75   15.3
GRID     2720           3.      -3.     15.3
GRID     2721           3.      -2.25   15.3
GRID     2722           3.      -1.5    15.3
GRID     2723           3.      -.75    15.3
GRID     2724           3.       0.     15.3
GRID     2737           7.5     -3.     15.3
GRID     2738           7.5     -2.25   15.3
GRID     2739           7.5     -1.5    15.3
GRID     2740           7.5     -.75    15.3
GRID     2741           7.5      0.     15.3
GRID     2742           7.5     -3.     16.2
GRID     2743           7.5     -2.25   16.2
GRID     2744           7.5     -1.5    16.2
GRID     2745           7.5     -.75    16.2
GRID     2746           7.5      0.     16.2
GRID     2747           7.5     -3.     17.1
GRID     2748           7.5     -2.25   17.1
GRID     2749           7.5     -1.5    17.1
GRID     2750           7.5     -.75    17.1
GRID     2751           7.5      0.     17.1
GRID     2752           7.5     -3.     18.
GRID     2753           7.5     -2.25   18.
GRID     2754           7.5     -1.5    18.
GRID     2755           7.5     -.75    18.
GRID     2756           7.5      0.     18.
GRID     2763           6.75     0.     15.3
GRID     2764           6.75     0.     16.2
GRID     2765           6.75     0.     17.1
GRID     2766           6.75     0.     18.
GRID     2768           6.       0.     15.3
GRID     2769           6.       0.     16.2
GRID     2770           6.       0.     17.1
GRID     2771           6.       0.     18.
GRID     2773           5.25     0.     15.3
GRID     2774           5.25     0.     16.2
GRID     2775           5.25     0.     17.1
GRID     2776           5.25     0.     18.
GRID     2778           4.5      0.     15.3
GRID     2779           4.5      0.     16.2
GRID     2780           4.5      0.     17.1
GRID     2781           4.5      0.     18.
GRID     2783           3.75     0.     15.3
GRID     2784           3.75     0.     16.2
GRID     2785           3.75     0.     17.1
GRID     2786           3.75     0.     18.
GRID     2793           2.25     0.     15.3
GRID     2795           2.25     0.     17.1
GRID     2796           2.25     0.     18.
GRID     2798           1.5      0.     15.3
GRID     2800           1.5      0.     17.1
GRID     2801           1.5      0.     18.
GRID     2803           .749999  0.     15.3
GRID     2805           .749999  0.     17.1
GRID     2806           .749999  0.     18.
GRID     10940           0.     -4.5    18.9
GRID     10941           0.     -3.75   18.9
GRID     10942           0.     -3.     18.9
GRID     10943           0.     -2.25   18.9
GRID     10944           0.     -1.5    18.9
GRID     10945           0.     -.75    18.9
GRID     10946           0.      0.     18.9
GRID     10947           0.     -4.5    19.8
GRID     10948           0.     -3.75   19.8
GRID     10949           0.     -3.     19.8
GRID     10950           0.     -2.25   19.8
GRID     10951           0.     -1.5    19.8
GRID     10952           0.     -.75    19.8
GRID     10953           0.      0.     19.8
GRID     10954           0.     -4.5    20.7
GRID     10955           0.     -3.75   20.7
GRID     10956           0.     -3.     20.7
GRID     10957           0.     -2.25   20.7
GRID     10958           0.     -1.5    20.7
GRID     10959           0.     -.75    20.7
GRID     10960           0.      0.     20.7
GRID     10961           0.     -4.5    21.6
GRID     10962           0.     -3.75   21.6
GRID     10963           0.     -3.     21.6
GRID     10964           0.     -2.25   21.6
GRID     10965           0.     -1.5    21.6
GRID     10966           0.     -.75    21.6
GRID     10967           0.      0.     21.6
GRID     10975          3.      -4.5    18.9
GRID     10976          3.      -3.75   18.9
GRID     10977          3.      -3.     18.9
GRID     10978          3.      -2.25   18.9
GRID     10979          3.      -1.5    18.9
GRID     10980          3.      -.75    18.9
GRID     10981          3.       0.     18.9
GRID     10982          3.      -4.5    19.8
GRID     10983          3.      -3.75   19.8
GRID     10984          3.      -3.     19.8
GRID     10985          3.      -2.25   19.8
GRID     10986          3.      -1.5    19.8
GRID     10987          3.      -.75    19.8
GRID     10988          3.       0.     19.8
GRID     10989          3.      -4.5    20.7
GRID     10990          3.      -3.75   20.7
GRID     10991          3.      -3.     20.7
GRID     10992          3.      -2.25   20.7
GRID     10993          3.      -1.5    20.7
GRID     10994          3.      -.75    20.7
GRID     10995          3.       0.     20.7
GRID     10996          3.      -4.5    21.6
GRID     10997          3.      -3.75   21.6
GRID     10998          3.      -3.     21.6
GRID     10999          3.      -2.25   21.6
GRID     11000          3.      -1.5    21.6
GRID     11001          3.      -.75    21.6
GRID     11002          3.       0.     21.6
GRID     11008          7.5     -3.     18.9
GRID     11009          7.5     -2.25   18.9
GRID     11010          7.5     -1.5    18.9
GRID     11011          7.5     -.75    18.9
GRID     11012          7.5      0.     18.9
GRID     11013          7.5     -3.     19.8
GRID     11014          7.5     -2.25   19.8
GRID     11015          7.5     -1.5    19.8
GRID     11016          7.5     -.75    19.8
GRID     11017          7.5      0.     19.8
GRID     11018          7.5     -3.     20.7
GRID     11019          7.5     -2.25   20.7
GRID     11020          7.5     -1.5    20.7
GRID     11021          7.5     -.75    20.7
GRID     11022          7.5      0.     20.7
GRID     11023          7.5     -3.     21.6
GRID     11024          7.5     -2.25   21.6
GRID     11025          7.5     -1.5    21.6
GRID     11026          7.5     -.75    21.6
GRID     11027          7.5      0.     21.6
GRID     11034          .75      0.     18.9
GRID     11035          .75      0.     19.8
GRID     11036          .75      0.     20.7
GRID     11037          .75      0.     21.6
GRID     11039          1.5      0.     18.9
GRID     11040          1.5      0.     19.8
GRID     11041          1.5      0.     20.7
GRID     11042          1.5      0.     21.6
GRID     11044          2.25     0.     18.9
GRID     11045          2.25     0.     19.8
GRID     11046          2.25     0.     20.7
GRID     11047          2.25     0.     21.6
GRID     11054          3.75     0.     18.9
GRID     11055          3.75     0.     19.8
GRID     11056          3.75     0.     20.7
GRID     11057          3.75     0.     21.6
GRID     11059          4.5      0.     18.9
GRID     11060          4.5      0.     19.8
GRID     11061          4.5      0.     20.7
GRID     11062          4.5      0.     21.6
GRID     11064          5.25     0.     18.9
GRID     11065          5.25     0.     19.8
GRID     11066          5.25     0.     20.7
GRID     11067          5.25     0.     21.6
GRID     11069          6.       0.     18.9
GRID     11070          6.       0.     19.8
GRID     11071          6.       0.     20.7
GRID     11072          6.       0.     21.6
GRID     11074          6.75     0.     18.9
GRID     11075          6.75     0.     19.8
GRID     11076          6.75     0.     20.7
GRID     11077          6.75     0.     21.6
GRID     11084          .75     -4.5    21.6
GRID     11085          1.5     -4.5    21.6
GRID     11086          2.25    -4.5    21.6
GRID     11089          .75     -3.75   21.6
GRID     11090          1.5     -3.75   21.6
GRID     11091          2.25    -3.75   21.6
GRID     11094          .75     -3.     21.6
GRID     11095          1.5     -3.     21.6
GRID     11096          2.25    -3.     21.6
GRID     11099          .75     -2.25   21.6
GRID     11100          1.5     -2.25   21.6
GRID     11101          2.25    -2.25   21.6
GRID     11104          .75     -1.5    21.6
GRID     11105          1.5     -1.5    21.6
GRID     11106          2.25    -1.5    21.6
GRID     11109          .75     -.75    21.6
GRID     11110          1.5     -.75    21.6
GRID     11111          2.25    -.75    21.6
GRID     11119          6.75    -3.     21.6
GRID     11120          6.      -3.     21.6
GRID     11121          5.25    -3.     21.6
GRID     11122          4.5     -3.     21.6
GRID     11123          3.75    -3.     21.6
GRID     11126          6.75    -2.25   21.6
GRID     11127          6.      -2.25   21.6
GRID     11128          5.25    -2.25   21.6
GRID     11129          4.5     -2.25   21.6
GRID     11130          3.75    -2.25   21.6
GRID     11133          6.75    -1.5    21.6
GRID     11134          6.      -1.5    21.6
GRID     11135          5.25    -1.5    21.6
GRID     11136          4.5     -1.5    21.6
GRID     11137          3.75    -1.5    21.6
GRID     11140          6.75    -.75    21.6
GRID     11141          6.      -.75    21.6
GRID     11142          5.25    -.75    21.6
GRID     11143          4.5     -.75    21.6
GRID     11144          3.75    -.75    21.6
$ Loads for Load Case : Default
LOAD     2      1.      1.       1
$ Gravity Loading of Load Set : gravity
GRAV     1       0      10.      0.      0.     -1.
$ Referenced Coordinate Frames
ENDDATA 5b027249
