SOL 103


CEND


SUBCASE 1

   METHOD = 1
   SPC = 2

BEGIN BULK

EIGRL    1                       5       0                       MASS
$ Elements and Element Properties for region : stairs
PSHELL   1       1      .16      1               1
$ Pset: "stairs" will be imported as: "pshell.1"
CQUAD4   1292    1       1642    1643    1648    1647
CQUAD4   1293    1       1643    1644    1649    1648
CQUAD4   1294    1       1644    1645    1650    1649
CQUAD4   1295    1       1645    1646    1651    1650
CQUAD4   1296    1       1647    1648    1653    1652
CQUAD4   1297    1       1648    1649    1654    1653
CQUAD4   1298    1       1649    1650    1655    1654
CQUAD4   1299    1       1650    1651    1656    1655
CQUAD4   1300    1       1197    1658    1663    1662
CQUAD4   1301    1       1658    1659    1664    1663
CQUAD4   1302    1       1659    1660    1665    1664
CQUAD4   1303    1       1660    1642    1643    1665
CQUAD4   1304    1       1662    1663    1668    1198
CQUAD4   1305    1       1663    1664    1669    1668
CQUAD4   1306    1       1664    1665    1670    1669
CQUAD4   1307    1       1665    1643    1644    1670
CQUAD4   1308    1       1644    1673    1678    1645
CQUAD4   1309    1       1673    1674    1679    1678
CQUAD4   1310    1       1674    1675    1680    1679
CQUAD4   1311    1       1675    1676    1681    1680
CQUAD4   1312    1       1645    1678    1683    1646
CQUAD4   1313    1       1678    1679    1684    1683
CQUAD4   1314    1       1679    1680    1685    1684
CQUAD4   1315    1       1680    1681    1686    1685
CQUAD4   1420    1       1837    1838    1843    1842
CQUAD4   1421    1       1838    1839    1844    1843
CQUAD4   1422    1       1839    1840    1845    1844
CQUAD4   1423    1       1840    1841    1846    1845
CQUAD4   1424    1       1842    1843    1848    1847
CQUAD4   1425    1       1843    1844    1849    1848
CQUAD4   1426    1       1844    1845    1850    1849
CQUAD4   1427    1       1845    1846    1851    1850
CQUAD4   1428    1       1715    1853    1858    1857
CQUAD4   1429    1       1853    1854    1859    1858
CQUAD4   1430    1       1854    1855    1860    1859
CQUAD4   1431    1       1855    1837    1838    1860
CQUAD4   1432    1       1857    1858    1863    1676
CQUAD4   1433    1       1858    1859    1864    1863
CQUAD4   1434    1       1859    1860    1865    1864
CQUAD4   1435    1       1860    1838    1839    1865
CQUAD4   1436    1       1839    1868    1873    1840
CQUAD4   1437    1       1868    1869    1874    1873
CQUAD4   1438    1       1869    1870    1875    1874
CQUAD4   1439    1       1870    1871    1876    1875
CQUAD4   1440    1       1840    1873    1878    1841
CQUAD4   1441    1       1873    1874    1879    1878
CQUAD4   1442    1       1874    1875    1880    1879
CQUAD4   1443    1       1875    1876    1881    1880
CQUAD4   1548    1       2032    2033    2038    2037
CQUAD4   1549    1       2033    2034    2039    2038
CQUAD4   1550    1       2034    2035    2040    2039
CQUAD4   1551    1       2035    2036    2041    2040
CQUAD4   1552    1       2037    2038    2043    2042
CQUAD4   1553    1       2038    2039    2044    2043
CQUAD4   1554    1       2039    2040    2045    2044
CQUAD4   1555    1       2040    2041    2046    2045
CQUAD4   1556    1       1910    2048    2053    2052
CQUAD4   1557    1       2048    2049    2054    2053
CQUAD4   1558    1       2049    2050    2055    2054
CQUAD4   1559    1       2050    2032    2033    2055
CQUAD4   1560    1       2052    2053    2058    1871
CQUAD4   1561    1       2053    2054    2059    2058
CQUAD4   1562    1       2054    2055    2060    2059
CQUAD4   1563    1       2055    2033    2034    2060
CQUAD4   1564    1       2034    2063    2068    2035
CQUAD4   1565    1       2063    2064    2069    2068
CQUAD4   1566    1       2064    2065    2070    2069
CQUAD4   1567    1       2065    2066    2071    2070
CQUAD4   1568    1       2035    2068    2073    2036
CQUAD4   1569    1       2068    2069    2074    2073
CQUAD4   1570    1       2069    2070    2075    2074
CQUAD4   1571    1       2070    2071    2076    2075
CQUAD4   1676    1       2227    2228    2233    2232
CQUAD4   1677    1       2228    2229    2234    2233
CQUAD4   1678    1       2229    2230    2235    2234
CQUAD4   1679    1       2230    2231    2236    2235
CQUAD4   1680    1       2232    2233    2238    2237
CQUAD4   1681    1       2233    2234    2239    2238
CQUAD4   1682    1       2234    2235    2240    2239
CQUAD4   1683    1       2235    2236    2241    2240
CQUAD4   1684    1       2105    2243    2248    2247
CQUAD4   1685    1       2243    2244    2249    2248
CQUAD4   1686    1       2244    2245    2250    2249
CQUAD4   1687    1       2245    2227    2228    2250
CQUAD4   1688    1       2247    2248    2253    2066
CQUAD4   1689    1       2248    2249    2254    2253
CQUAD4   1690    1       2249    2250    2255    2254
CQUAD4   1691    1       2250    2228    2229    2255
CQUAD4   1692    1       2229    2258    2263    2230
CQUAD4   1693    1       2258    2259    2264    2263
CQUAD4   1694    1       2259    2260    2265    2264
CQUAD4   1695    1       2260    2261    2266    2265
CQUAD4   1696    1       2230    2263    2268    2231
CQUAD4   1697    1       2263    2264    2269    2268
CQUAD4   1698    1       2264    2265    2270    2269
CQUAD4   1699    1       2265    2266    2271    2270
CQUAD4   1804    1       2422    2423    2428    2427
CQUAD4   1805    1       2423    2424    2429    2428
CQUAD4   1806    1       2424    2425    2430    2429
CQUAD4   1807    1       2425    2426    2431    2430
CQUAD4   1808    1       2427    2428    2433    2432
CQUAD4   1809    1       2428    2429    2434    2433
CQUAD4   1810    1       2429    2430    2435    2434
CQUAD4   1811    1       2430    2431    2436    2435
CQUAD4   1812    1       2300    2438    2443    2442
CQUAD4   1813    1       2438    2439    2444    2443
CQUAD4   1814    1       2439    2440    2445    2444
CQUAD4   1815    1       2440    2422    2423    2445
CQUAD4   1816    1       2442    2443    2448    2261
CQUAD4   1817    1       2443    2444    2449    2448
CQUAD4   1818    1       2444    2445    2450    2449
CQUAD4   1819    1       2445    2423    2424    2450
CQUAD4   1820    1       2424    2453    2458    2425
CQUAD4   1821    1       2453    2454    2459    2458
CQUAD4   1822    1       2454    2455    2460    2459
CQUAD4   1823    1       2455    2456    2461    2460
CQUAD4   1824    1       2425    2458    2463    2426
CQUAD4   1825    1       2458    2459    2464    2463
CQUAD4   1826    1       2459    2460    2465    2464
CQUAD4   1827    1       2460    2461    2466    2465
CQUAD4   1932    1       2617    2618    2623    2622
CQUAD4   1933    1       2618    2619    2624    2623
CQUAD4   1934    1       2619    2620    2625    2624
CQUAD4   1935    1       2620    2621    2626    2625
CQUAD4   1936    1       2622    2623    2628    2627
CQUAD4   1937    1       2623    2624    2629    2628
CQUAD4   1938    1       2624    2625    2630    2629
CQUAD4   1939    1       2625    2626    2631    2630
CQUAD4   1940    1       2495    2633    2638    2637
CQUAD4   1941    1       2633    2634    2639    2638
CQUAD4   1942    1       2634    2635    2640    2639
CQUAD4   1943    1       2635    2617    2618    2640
CQUAD4   1944    1       2637    2638    2643    2456
CQUAD4   1945    1       2638    2639    2644    2643
CQUAD4   1946    1       2639    2640    2645    2644
CQUAD4   1947    1       2640    2618    2619    2645
CQUAD4   1948    1       2619    2648    2653    2620
CQUAD4   1949    1       2648    2649    2654    2653
CQUAD4   1950    1       2649    2650    2655    2654
CQUAD4   1951    1       2650    2651    2656    2655
CQUAD4   1952    1       2620    2653    2658    2621
CQUAD4   1953    1       2653    2654    2659    2658
CQUAD4   1954    1       2654    2655    2660    2659
CQUAD4   1955    1       2655    2656    2661    2660


MAT1   ,  1  ,    <cossan name="RVKEE2" format="%10.4e" original="1" />    ,  ,    .25  ,  2500.

GRID*    1197                           2.23517-7       -4.5
*       -3.6
GRID     1198           1.5     -4.5    -3.6
GRID     1642            0.     -1.5    -1.8
GRID     1643           .75     -1.5    -1.8
GRID     1644           1.5     -1.5    -1.8
GRID     1645           2.25    -1.5    -1.8
GRID     1646           3.      -1.5    -1.8
GRID     1647            0.     -.75    -1.8
GRID     1648           .75     -.75    -1.8
GRID     1649           1.5     -.75    -1.8
GRID     1650           2.25    -.75    -1.8
GRID     1651           3.      -.75    -1.8
GRID     1652            0.      0.     -1.8
GRID     1653           .75      0.     -1.8
GRID     1654           1.5      0.     -1.8
GRID     1655           2.25     0.     -1.8
GRID     1656           3.       0.     -1.8
GRID     1658            0.     -3.75   -3.15
GRID     1659            0.     -3.     -2.7
GRID     1660            0.     -2.25   -2.25
GRID     1662           .75     -4.5    -3.6
GRID     1663           .75     -3.75   -3.15
GRID     1664           .75     -3.     -2.7
GRID     1665           .75     -2.25   -2.25
GRID     1668           1.5     -3.75   -3.15
GRID     1669           1.5     -3.     -2.7
GRID     1670           1.5     -2.25   -2.25
GRID     1673           1.5     -2.25   -1.35
GRID     1674           1.5     -3.     -.9
GRID     1675           1.5     -3.75   -.45
GRID     1676           1.5     -4.5     0.
GRID     1678           2.25    -2.25   -1.35
GRID     1679           2.25    -3.     -.9
GRID     1680           2.25    -3.75   -.45
GRID     1681           2.25    -4.5     0.
GRID     1683           3.      -2.25   -1.35
GRID     1684           3.      -3.     -.9
GRID     1685           3.      -3.75   -.45
GRID     1686           3.      -4.5     0.
GRID     1715            0.     -4.5     0.
GRID     1837            0.     -1.5    1.8
GRID     1838           .75     -1.5    1.8
GRID     1839           1.5     -1.5    1.8
GRID     1840           2.25    -1.5    1.8
GRID     1841           3.      -1.5    1.8
GRID     1842            0.     -.75    1.8
GRID     1843           .75     -.75    1.8
GRID     1844           1.5     -.75    1.8
GRID     1845           2.25    -.75    1.8
GRID     1846           3.      -.75    1.8
GRID     1847            0.      0.     1.8
GRID     1848           .75      0.     1.8
GRID     1849           1.5      0.     1.8
GRID     1850           2.25     0.     1.8
GRID     1851           3.       0.     1.8
GRID     1853            0.     -3.75   .45
GRID     1854            0.     -3.     .9
GRID     1855            0.     -2.25   1.35
GRID*    1857                           .75             -4.5
*       9.53674-8
GRID     1858           .75     -3.75   .45
GRID     1859           .75     -3.     .9
GRID     1860           .75     -2.25   1.35
GRID     1863           1.5     -3.75   .45
GRID     1864           1.5     -3.     .9
GRID     1865           1.5     -2.25   1.35
GRID     1868           1.5     -2.25   2.25
GRID     1869           1.5     -3.     2.7
GRID     1870           1.5     -3.75   3.15
GRID     1871           1.5     -4.5    3.6
GRID     1873           2.25    -2.25   2.25
GRID     1874           2.25    -3.     2.7
GRID     1875           2.25    -3.75   3.15
GRID     1876           2.25    -4.5    3.6
GRID     1878           3.      -2.25   2.25
GRID     1879           3.      -3.     2.7
GRID     1880           3.      -3.75   3.15
GRID     1881           3.      -4.5    3.6
GRID     1910            0.     -4.5    3.6
GRID     2032            0.     -1.5    5.4
GRID     2033           .75     -1.5    5.4
GRID     2034           1.5     -1.5    5.4
GRID     2035           2.25    -1.5    5.4
GRID     2036           3.      -1.5    5.4
GRID     2037            0.     -.75    5.4
GRID     2038           .75     -.75    5.4
GRID     2039           1.5     -.75    5.4
GRID     2040           2.25    -.75    5.4
GRID     2041           3.      -.75    5.4
GRID     2042            0.      0.     5.4
GRID     2043           .75      0.     5.4
GRID     2044           1.5      0.     5.4
GRID     2045           2.25     0.     5.4
GRID     2046           3.       0.     5.4
GRID     2048            0.     -3.75   4.05
GRID     2049            0.     -3.     4.5
GRID     2050            0.     -2.25   4.95
GRID     2052           .75     -4.5    3.6
GRID     2053           .75     -3.75   4.05
GRID     2054           .75     -3.     4.5
GRID     2055           .75     -2.25   4.95
GRID     2058           1.5     -3.75   4.05
GRID     2059           1.5     -3.     4.5
GRID     2060           1.5     -2.25   4.95
GRID     2063           1.5     -2.25   5.85
GRID     2064           1.5     -3.     6.3
GRID     2065           1.5     -3.75   6.75
GRID     2066           1.5     -4.5    7.2
GRID     2068           2.25    -2.25   5.85
GRID     2069           2.25    -3.     6.3
GRID     2070           2.25    -3.75   6.75
GRID     2071           2.25    -4.5    7.2
GRID     2073           3.      -2.25   5.85
GRID     2074           3.      -3.     6.3
GRID     2075           3.      -3.75   6.75
GRID     2076           3.      -4.5    7.2
GRID     2105            0.     -4.5    7.2
GRID     2227            0.     -1.5    9.
GRID     2228           .75     -1.5    9.
GRID     2229           1.5     -1.5    9.
GRID     2230           2.25    -1.5    9.
GRID     2231           3.      -1.5    9.
GRID     2232            0.     -.75    9.
GRID     2233           .75     -.75    9.
GRID     2234           1.5     -.75    9.
GRID     2235           2.25    -.75    9.
GRID     2236           3.      -.75    9.
GRID     2237            0.      0.     9.
GRID     2238           .75      0.     9.
GRID     2239           1.5      0.     9.
GRID     2240           2.25     0.     9.
GRID     2241           3.       0.     9.
GRID     2243            0.     -3.75   7.65
GRID     2244            0.     -3.     8.1
GRID     2245            0.     -2.25   8.55
GRID     2247           .75     -4.5    7.2
GRID     2248           .75     -3.75   7.65
GRID     2249           .75     -3.     8.1
GRID     2250           .75     -2.25   8.55
GRID     2253           1.5     -3.75   7.65
GRID     2254           1.5     -3.     8.1
GRID     2255           1.5     -2.25   8.55
GRID     2258           1.5     -2.25   9.45
GRID     2259           1.5     -3.     9.9
GRID     2260           1.5     -3.75   10.35
GRID     2261           1.5     -4.5    10.8
GRID     2263           2.25    -2.25   9.45
GRID     2264           2.25    -3.     9.9
GRID     2265           2.25    -3.75   10.35
GRID     2266           2.25    -4.5    10.8
GRID     2268           3.      -2.25   9.45
GRID     2269           3.      -3.     9.9
GRID     2270           3.      -3.75   10.35
GRID     2271           3.      -4.5    10.8
GRID     2300            0.     -4.5    10.8
GRID     2422            0.     -1.5    12.6
GRID     2423           .75     -1.5    12.6
GRID     2424           1.5     -1.5    12.6
GRID     2425           2.25    -1.5    12.6
GRID     2426           3.      -1.5    12.6
GRID     2427            0.     -.75    12.6
GRID     2428           .75     -.75    12.6
GRID     2429           1.5     -.75    12.6
GRID     2430           2.25    -.75    12.6
GRID     2431           3.      -.75    12.6
GRID     2432            0.      0.     12.6
GRID     2433           .75      0.     12.6
GRID     2434           1.5      0.     12.6
GRID     2435           2.25     0.     12.6
GRID     2436           3.       0.     12.6
GRID     2438            0.     -3.75   11.25
GRID     2439            0.     -3.     11.7
GRID     2440            0.     -2.25   12.15
GRID     2442           .75     -4.5    10.8
GRID     2443           .75     -3.75   11.25
GRID     2444           .75     -3.     11.7
GRID     2445           .75     -2.25   12.15
GRID     2448           1.5     -3.75   11.25
GRID     2449           1.5     -3.     11.7
GRID     2450           1.5     -2.25   12.15
GRID     2453           1.5     -2.25   13.05
GRID     2454           1.5     -3.     13.5
GRID     2455           1.5     -3.75   13.95
GRID     2456           1.5     -4.5    14.4
GRID     2458           2.25    -2.25   13.05
GRID     2459           2.25    -3.     13.5
GRID     2460           2.25    -3.75   13.95
GRID     2461           2.25    -4.5    14.4
GRID     2463           3.      -2.25   13.05
GRID     2464           3.      -3.     13.5
GRID     2465           3.      -3.75   13.95
GRID     2466           3.      -4.5    14.4
GRID     2495            0.     -4.5    14.4
GRID     2617            0.     -1.5    16.2
GRID     2618           .75     -1.5    16.2
GRID     2619           1.5     -1.5    16.2
GRID     2620           2.25    -1.5    16.2
GRID     2621           3.      -1.5    16.2
GRID     2622            0.     -.75    16.2
GRID     2623           .75     -.75    16.2
GRID     2624           1.5     -.75    16.2
GRID     2625           2.25    -.75    16.2
GRID     2626           3.      -.75    16.2
GRID     2627            0.      0.     16.2
GRID     2628           .75      0.     16.2
GRID     2629           1.5      0.     16.2
GRID     2630           2.25     0.     16.2
GRID     2631           3.       0.     16.2
GRID     2633            0.     -3.75   14.85
GRID     2634            0.     -3.     15.3
GRID     2635            0.     -2.25   15.75
GRID     2637           .75     -4.5    14.4
GRID     2638           .75     -3.75   14.85
GRID     2639           .75     -3.     15.3
GRID     2640           .75     -2.25   15.75
GRID     2643           1.5     -3.75   14.85
GRID     2644           1.5     -3.     15.3
GRID     2645           1.5     -2.25   15.75
GRID     2648           1.5     -2.25   16.65
GRID     2649           1.5     -3.     17.1
GRID     2650           1.5     -3.75   17.55
GRID     2651           1.5     -4.5    18.
GRID     2653           2.25    -2.25   16.65
GRID     2654           2.25    -3.     17.1
GRID     2655           2.25    -3.75   17.55
GRID     2656           2.25    -4.5    18.
GRID     2658           3.      -2.25   16.65
GRID     2659           3.      -3.     17.1
GRID     2660           3.      -3.75   17.55
GRID     2661           3.      -4.5    18.
$ Loads for Load Case : Default
LOAD     2      1.      1.       1
$ Gravity Loading of Load Set : gravity
GRAV     1       0      10.      0.      0.     -1.
$ Referenced Coordinate Frames
ENDDATA 8db0cfa8
